POD_coefficients: 3350
-3116.7622283114924358
-1558.5507865949548432
-20.895398625706221196
10.959113366880602669
-3.2102829304672497734
-25.408172131409170191
5.0388057025630379471
2.1886024449008707471
-3.5851898465535811944
0.75786105114455382115
0.38147007110825176257
1.322421676735071161
-0.68369217245531344052
-0.11955778980812646617
-1.5370947334856330802
0.86723082588455180364
0.25017327430739910721
0.51006455481854295897
-0.42132744476972638914
-0.054444107623102880322
-75.180359133114421866
-9.2113307632139349579
2.8122312311859607448
24.143455695270180428
-0.2418201723512133916
1.5554088776872154742
-94.450896413152193531
7.5795995577313650671
6.0822485195775231048
38.659776768223778731
0.30603753488785362391
2.0914556286704963917
-273.73455806256725964
-5.5791309006035341156
1.233488327590526179
38.299832487074326082
0.48734801551346917936
0.57583845356316554209
-94.691459768062841817
-11.694565893646993615
5.9551786137212250338
13.918320261865360976
0.96042711998106500282
0.081543828178021526831
-123.46939705994289227
-6.716888450890577289
-1.8779725719429845032
3.2155569756567827788
0.051269531397993610422
0.066835711551589696566
11.625863579099744882
0.8000647573715801153
0.74688251281691708794
-5.7196238399649734774
0.27263382217106524319
0.14281964275204980797
28.138029655560657716
-1.4658826895308183502
0.91168345626382896185
-10.23162618456558981
0.51939232162520510006
0.28976300386762249284
44.436221752367252691
-0.85064089876364634701
0.50151825760865065273
-5.8401030169245382595
0.52748813126718574473
0.20427352846241256246
18.695143750426513662
-0.08831580898566891713
-1.0388854942656906566
-1.4744713158877187364
0.19142537146955054816
-0.033456197332659323718
16.652842347127553069
0.25191992198851081985
0.14714136616022852055
-0.42128721459746215627
0.052545041328783265167
-0.017878342904707276301
-0.87597990281638749011
-0.21762169281439988633
0.28461348519782109223
-0.32993243527374949142
-0.040013907073874227516
0.0031447164716189137182
-4.6391119934862850016
0.24880913869841944641
0.5998968559960701219
-0.81907773757646051838
0.058979288237163023101
0.058783452134345333395
-2.7669800737050680439
0.14830122437710488437
0.27688012629121538932
-0.70305481724446483582
-0.0029828099098281098817
-0.0013586866174826062875
-1.7733038345814133852
-0.035614633125528587232
0.12524478271929745388
-0.31342339768230809138
0.075070690876811979608
0.0070639785411173352386
-0.21692187053667735808
0.074834763775555937504
-0.018524332248351083746
-0.06014477445588820026
0.010379641705116427267
0.0082592327596279404428
-0.18379745996751631343
0.0075820743389061959205
0.06016526223585775407
-0.037606929489809842737
-0.0085403337821708079358
0.0012154506416221578288
-0.38732338750771511116
0.024561531333647176889
0.1170847448985221223
-0.045668416753587036394
-0.015486781597888736595
-0.016905701325191296175
-0.024621014730457004005
-0.057770057136570449052
0.047011642554474944444
-0.085676136446179398942
0.010772409689232327612
0.0017736848992234266042
-0.097915985923958281933
0.029815740075506951684
0.058575736058126257055
-0.022253509425223583218
-0.0039182686209476456571
-0.01265842177193994729
-0.064172393647848130493
0.0032924045298079831524
0.020492745783531291642
-0.024272097753491962691
0.0055954264660239222753
-0.0032574126857071645548
-0.15087140137895183045
-0.002751937761514220912
0.014038145071929708854
-0.0041077342340452259462
0.0029995159655532696238
-0.0052420458244145564514
-0.38791610118100694482
-0.095886300176649300053
0.026736553633457352253
-0.024526315415077097615
0.011081707263203198488
-0.028218447912161531005
-0.34413612442301666494
-0.0031026288904958216827
0.033752640146920157016
-0.03081558439048552589
-0.025398516394591081485
-0.010716260761454821093
0.008570565353691361396
-0.03346035277893755211
0.0097063170867125857927
-0.009824072683131247416
0.0046740267035632210996
-0.015021686804143539323
-0.15656333338624708884
-0.0047761166486040510654
0.025717863200199891915
0.0085590268002459016228
-0.0091625983557618428249
-0.006739112719797752879
-0.031582577700633121531
-0.059110096300906016242
0.015912495528094074138
-0.14161725370500735655
-0.064188658406167442561
0.052755165410566677575
-0.11358116884812835545
-0.081324380113618283117
0.021130998046752617198
0.017813496299706823439
-0.26144392835867413805
0.020520023130939705341
0.0032372773573307537381
0.084579375870118114755
0.066291347525943927765
0.27183224252977000734
-0.17806190859545761862
-0.15977915781820500873
0.030708997601420300744
-0.046860389178800587739
0.19568497866267850482
0.14398686377929428848
0.3774510194935211671
0.17993474932097178187
-0.11537778824961120172
-0.18466900353539034141
0.052672113052359692542
0.31642472902189389128
0.072752275078347555803
-0.033991932417568648805
-0.0017701465581221554821
-0.034101977822240489568
-0.15242830880512003855
-0.052057842887301183921
-0.1202810752055955279
-0.072195776173880316096
-0.013840728387319343323
-0.042638716511863690439
0.0058819494536892814873
-0.12373925813680176911
-0.0232669026613425943
-0.012282291312802944006
-0.043141950225602299085
-0.016718189184884806736
0.068205089472286956065
-0.053289954710750847555
-0.058331349882987500177
0.085509215689123757587
-0.027080706539323224497
-0.011937145636209385222
0.0071022047997833966104
-0.10153930518648093817
0.0049735224573972287854
0.059380729848413582594
-0.021009369155662753481
-0.071196555010932277563
-0.0019230937226378836281
-0.040341346109100582884
-0.031816478133534997763
0.0085354327838430606862
0.0042852588061288270083
0.031499038910259478941
-0.015518321498344341339
0.004362171948164432142
-0.0099812831737871709342
0.0055222438206987559464
-0.02799947057795215688
0.035496520372074513716
-0.091023029424836379708
-0.11259838361539016571
0.043680926369606104531
0.0077752471628084723204
0.037378980694537961016
-0.058289751896097641293
-0.2242780446684720097
-0.033495101783532800488
-0.06645618391155540261
-0.053216321672581758107
-0.18077769037780114236
-0.037302951102171716391
-0.081361829108358457718
-0.12274484386906225897
0.0096931499903416696445
-0.014924701268331301909
0.019384749210496265981
-0.01602783995928628788
-0.040678314150587931153
0.091074275374015301043
-0.0069984337504360822832
0.26606652292513377489
0.0038899265604985726157
0.021293517500293013267
-0.079312036667376364929
0.015909087224048740206
0.081870010454336381023
-0.025467735058922764263
0.037921613708386113506
0.018117019771808868384
0.14743129901136384219
-0.052772304962598881595
0.055721600305754931393
0.019964310923079577054
-0.010356819456156230591
0.0059312420190514528878
0.068606625530661449752
-0.082117894838177746264
0.00050797785992621428009
0.09661196339743521877
-0.0099501280040497214197
-0.019731948512438136217
0.0015158264948585496029
-0.13073841405462005572
-0.010942649948665755799
0.0086819972509171849245
-0.02099719192970531112
-0.026625437853690873263
0.014822918810368847578
-0.038618411411667087629
-0.011932027652791226888
-0.02837940472242456505
0.0042852026194474734586
0.082342541906510288707
-0.057156001106526875544
-0.091424930883864122255
0.073267165989179691699
0.0059256219891862327645
-0.11660146919652132624
-0.045014597325660522797
0.13090827787535733173
-0.024237326282052537585
0.10805687068122002414
0.038764043252511967697
0.1119056699640559871
-0.05390740898021678662
-0.067794194504220792186
-0.047317244473715318331
-0.092277872554495127266
0.21966860000542859366
0.1687445333649347512
0.080066614646464209781
-0.033623439166540675105
-0.11844653801593617304
-0.040694623378799893443
0.067698294875514000712
0.078647272365397827287
0.06605105901940075408
-0.019136041183909088814
-0.075435317166934370836
-0.069838344354879275389
-0.20293141167293504701
0.0038896383947784915307
0.0077752629364797780712
-0.048206153931353960818
-0.011108243031081880409
0.13107428890181671566
-0.025999224559560378534
0.047098095542833499916
-0.0016838083346663004942
0.18156329307620450164
-0.0037648858765091716
0.065328263276025394513
0.023590978809191077287
-0.0089619783801500700615
-0.0036083706431083053916
0.089633523484551599902
0.037182200844651659699
0.013163448552581030748
0.060694189238940370046
-0.049792449084116931213
-0.0035694593248122683145
-0.0020229496407470075499
-0.022091299362033450099
0.02173892407077952782
0.037860993022687389198
-0.014226827947627664755
-0.024589239319587414406
-0.0017260117422284930282
-0.019804752503608698266
-0.0052006128676855391604
0.031744990938349482157
-8.5685834266856759456e-05
0.00086431963466241041108
-0.12472179128871448139
0.027358607787547856854
0.13354096517342803341
0.028093517680039835349
0.075245071391303375297
0.024514587539795820031
0.077806704556501571357
-0.020819068873268495312
0.080695187765399689628
0.017959257199845573422
0.010523224709036729796
0.016073121504791919312
0.058017955036685442405
-0.024501034072119821927
0.025106036681879537187
0.028122773697407184301
-0.0025703439271055131266
0.006013555842084686992
0.0066998292159772161736
0.028867853695041908318
-0.010479753998705465187
0.028694746527173423112
0.0052949360731088220347
-0.027462294145920565502
0.0080149196238542934345
-0.024682180583280595443
-0.027422870167010286041
0.0034166542113598136372
0.0015924672437664785449
-0.011586959164540782882
-0.081134781660446686491
-0.02281219585205344208
0.039477724672154247687
-0.02129801129505990917
0.054741502886087513302
-0.016839975935433123405
0.18287422769780120602
-0.085194972552753697737
0.071365737421597727486
0.020417777152952339831
0.0058370624368797247375
-0.018522692727488916653
0.066332924533812814838
0.027071473877041063449
0.027822636876464280908
0.097202250914486143518
0.0027276750505899069812
0.017826454061451297434
-0.0024817303812084646683
-0.023010822568312192665
0.0096015075896832662028
0.038219238288372800461
0.0062022420856057726424
-0.00216831711282529805
-0.0011667153111796647446
-0.0019727957542886292303
0.02276703150075719273
0.00395122498563303063
-0.0012908180631326020109
0.065105688775682818425
-0.021178774216704870231
-0.012466893861220830486
0.036653453221824651431
-0.0080104768108989199416
0.070117925214026877168
-0.014419907339712715461
0.0027407439320301157579
-0.069594866294109242189
0.055172950444477994458
-0.063985297952976236124
0.057689860413469698508
-0.012327957711481433295
-0.12273219622291206554
0.011309181255567910332
0.050543989759941933271
0.015495813952197158569
0.046485339308243611711
0.015747544189705288409
-0.019615348506872017781
-0.058387931714535747096
-0.022364392057019996662
-0.0054899579190666718959
0.012451782862243208905
-0.022767139427734700563
-0.0028941213311177754926
0.0019868644471605079183
0.022968079008113106293
-0.0051435792563753459858
0.0021054338346746066454
0.0080099553107679452579
-0.07183789096445707123
0.011969394529990294226
0.00015665837835694939846
-0.013198630381516888652
-0.0029780451313319122701
0.0069148151766176765842
0.021804119411187324051
0.014200480725101131615
-0.002812144625018375959
-0.035829365171742413865
-0.0060932950758999741142
0.0016586125511105281535
-0.0034965650501412501826
-0.03544301300661833326
-0.044717846251574412675
0.011906126344687420482
0.0094281484533052847125
-0.0051995954664336803061
0.0071190020620961252593
-0.007304954592722145458
-0.013388928031185015968
-0.031045307897597251151
0.014496568502554093433
-0.0034788846520899196178
0.0054141209241128475729
-0.030517327117494868344
-0.00081833172393118241116
0.0042651969355851958657
0.00069057305943465445344
-0.01562102516109967372
-0.095780401174796539476
-0.0024245064002500508679
0.07614809245354006717
0.019093917497663565053
0.053093365175604742556
-0.015710576490938207156
-0.06274308680854996656
0.012940611807030280578
0.10557284814643774773
-0.019036623507827886426
0.025524261624213510219
-0.034786549347569195589
-0.13367539981403245286
-0.033795671270508365058
-0.034879846580854939608
0.059559123366872558647
-0.038494510457644265378
-0.056979574195203053222
-0.010935244039226230117
-0.080431146539511846894
0.0003991913302673894123
-0.0067501526056350227498
0.011729650997455678268
0.021377858627885413384
-0.014342884787801813556
-0.047667503709509222165
-0.0084157629675766735394
0.013499718413263032263
-0.0037424328845219382959
-0.0077155836536263273581
-0.089761584378800648998
-0.01423516859710523795
-0.045269122701271390097
-0.0016891386213199212612
0.0081960076916223149196
-0.014534927856936084162
-0.018630109183686984625
-0.0039895502629527625563
-0.0482989864387852047
-0.058656983950891063151
-0.0062385211984465798254
-0.00017138821134162583325
-0.043689487006865125596
-0.048523575873598727426
-0.040910636447721700215
-0.010254131464479260272
0.24181513026970688496
-0.006645657419677659071
-0.007905105372026242222
-0.037243086585993304127
-0.024168066511314412886
-0.045608976630340240799
0.012040701754117732677
0.013605511571525450917
-0.0012909725741373195406
-0.023795896542077359104
-0.018557212220774419592
0.00083692813771873519977
0.00070174671270537296221
0.027929995334011942232
-0.080332029002091673298
0.0045877575070947486033
0.10681314458475446583
0.019457971402584563897
0.029551647717523287645
0.011410869048653873165
0.065350361899976061597
0.037481407183446287246
0.089081591285075173436
0.0073643592691337049147
0.044891977691379383875
-0.0024140054205919045036
-0.011599084252255411828
-0.01265776899652163931
0.003982813945706466241
0.11771029022709006417
0.025190567585196436962
-0.0015409636020746282289
0.00037317407276948107598
0.023234578441656550396
0.023687742243955148963
0.058561750371773690915
0.047320621751014924072
0.0015016035253442854436
-9.1347184537931828854e-05
-0.013025510580987323048
-0.01429793610198856757
-0.017994890838470316979
-0.0038405574136335506735
0.0070465409268752584107
-0.10240139705095263611
-0.00951465920775388177
-0.038208666140620115015
-0.00074275317290881266979
-0.0053970840227884281717
0.0037767004783128949562
-0.0022103999452432682507
0.0099432109232095861051
-0.064520716864894259168
-0.030277855997585912534
-0.029126122590748801389
0.00012697173645056500152
-0.038750172633277561729
-0.0023431141187466638515
-0.043653189287312148259
-0.027660456421639660618
-0.23217651359153684831
-0.020498088474245543256
-0.0035547082593615848996
-0.043960763275480478629
-0.012360338728901609437
-0.045690116243896829185
-0.014168183009865028057
-0.0019119568515532211952
0.01133655798350158804
0.025784808813303597419
-0.012125366545807314544
0.0013267260450811680424
-0.001287275366646571011
-0.0042153766272661642028
-0.084505282739514950285
-0.0031959906660946114411
0.046962445021170272363
0.010439792148927309542
0.0094022607018041885057
-0.028058479078986012928
0.0079551772562369508363
-0.028026996928213029209
-0.031154053667023673402
-0.039704928451487181418
-0.004011800478204271582
-0.0016215331494826852165
-0.065987034769922361943
-0.012980851899329114499
-0.02556342799435289484
0.016720538519298167035
-0.0087869284404337114763
0.00010933048746100287624
-0.01372138144106470857
-0.0026225140429444408069
-0.0083822680562329037607
-0.020353580476243828684
0.0057295769306224810999
0.0018548293935391566706
-0.0010079656898040988133
-0.0089683119454661321124
-0.019426477565191613284
-0.0021782018875980183568
6.1037120228727058066e-05
0.0019312795487998633479
-0.08641049510006847123
-0.0017462293812660198075
-0.056728417508906996136
0.016908449483739481506
-0.016760854311003312023
-0.0014464758811410512
-0.017628304225718594012
-0.00015398901528527520789
-0.057346737402424283192
-0.028890149043237344645
-0.020691811672418281703
0.0080496107798793490457
-0.025327561804148069485
-0.02425519257143436691
-0.054093111627662379681
-0.010258368189014739971
0.0059175287858204235134
-0.031812745626993189918
-0.001350408922092904843
-0.040256705889175334323
-0.0017883127854153922469
-0.030826489359081620661
0.026434617116410524112
0.0055541936321034908811
-0.0017703986489074272082
0.017314925894325341321
-0.019187624426182107312
0.0046653461861843308761
-26.480862440128991153
3.1106799080923899226
1.8293806949031288234
8.966406821995583698
-0.2066909730236727305
1.2781515317528326925
-2.1259753975615174326
-1.0447294339646229222
3.9528557334940219725
0.23842017885492791662
-0.86977506085212341613
0.52018600391824509899
5.008590076722010842
-2.4666520745408000437
0.93985650787347652102
1.8970094864331812357
0.594148676859020064
-1.0635345912195841578
-5.4398025143761428168
0.097917987945740678213
-0.15254540588742571128
2.0293745065562136531
-0.18066417149486821425
0.25658590801043618113
-0.40983111157460094809
-0.045225005962858957909
1.1633073930104327331
-0.75918449782714381158
0.15013174673041648766
-0.023515854383157862306
1.1516094411296244893
0.45094728078887857947
0.15285256575188960193
0.31005626214331827306
-0.11399234817024835043
-0.1591774086493698559
1.0799092608167886187
-0.080881561970920681781
-0.56566849777995042992
-0.28389511403661993327
0.15115780589692034974
0.024511434057782725132
0.30642674706578731936
0.036585192301363714251
-0.20062606143249675505
0.05343754382581976381
0.30197401693596709338
-0.034769982977696595183
0.14236807175202245701
-0.1372894186284512319
-0.012769718638318735757
-0.61568619800582968793
0.10355809010718117213
0.028869952533724228816
-3.8798637539223284065
0.2090582649307123897
0.32334499546775463674
1.4320834779790643232
0.21240190676016762472
-0.36065131519145537942
1.4660259775450026343
-0.058676564223331305337
0.2350056326782520022
0.84118303763459212341
0.24465970631386479983
-0.13988964407009785162
0.45922433298131043466
-0.38974259081448692221
-0.67581638212677741517
0.88737168162574653341
-0.070347739679218507236
0.17249530384876179956
0.65895563301525472699
0.17861220847999526029
0.073748747207026024708
-0.51093350027061334995
-0.12115733670629831586
0.10323039671605259426
-0.29907485604138706048
0.025980191328940593215
-0.016512469180006799502
-0.30213981905042058829
-0.10541071863801858288
-0.01535883820568439799
0.71743655945002537955
0.10937137591066448117
-0.024688627627232739153
-0.32991849028475250805
-0.058527848372236040975
0.013373912618015973419
0.44272392810288074827
-0.56607399204191066744
-0.08177039258552615264
-0.70519108723495305124
-0.0042924640515362320545
-0.0090371963266483203159
-0.23641339648456516365
0.078711819748939357289
0.037022720613887880048
-0.09083326082538488444
-0.047941647515210045194
0.025362985026645679804
0.30563643207703472537
0.11972714935864599284
0.045377469730304390017
-0.14910272470446159221
-0.070472570624737454481
-0.00525977134004489838
142.85220450944797221
-25.170379510214242913
-31.861251800244794197
-27.492883673135768419
19.753758488243203573
-12.280905452350234341
-4.0743550445138145832
8.2487569353833478658
3.4758230204883564518
3.7733994118785414429
1.0104661643029868578
6.715934564870450707
-6.4919707006485927181
5.1333803719070454363
-10.125375241570903739
12.37778171002172023
0.16396286824044520314
6.475665372917705831
-169.4061868563425719
18.26310780772942266
-6.3634592505334524049
-56.078552769483984264
-2.8326247531696089332
4.9081142004985061078
-4.7955361968564398367
4.0050838067505543094
-4.3469609450264652395
25.98331202080483493
-4.6004636770754556707
-2.3853679140305508177
-43.194503802884959498
7.7632440699888389801
-1.3939369770381737634
17.667790488742539878
-4.3436038413707640515
0.9701288592237855557
-19.18476643664225989
0.82743004206689441116
3.5494754546663944694
-4.1896075106110197694
-1.2644837809180584642
-1.5538784233113196454
-1.5700134347371130783
-0.42823359738242661177
-1.0517031551185997973
-0.47279376759184038592
-0.82606919292023495149
-0.6832099147529938632
0.93907901082261280301
0.054167552272671004587
-0.31282308672531800031
-0.96843560970478370642
0.10906199993988763275
0.059762990768370154171
29.192988495920520364
-3.7182617002203199874
-3.5721301364313835514
-36.406820518534736664
-1.2558991010801814348
3.0294311279188859132
-3.7287672436111325425
-0.29012546583921405841
0.014790803413943068995
-3.4963132724214971425
1.3206930918784414164
-1.2737685997709011776
17.247529322210500169
-1.2088511779471411423
-1.0559585712202188557
-8.2703612478353711879
0.41633477980961069997
0.24340373673053050663
13.081588346336463502
-4.2838450940530083955
-2.0086889950528519222
-2.3399031062789008573
-1.8805324646968475388
-0.33749754996923703176
-1.3406936083736236132
-0.41546934611394747972
-0.66608335643432559081
1.5168183518952784716
0.27948495003001888604
0.27468185722609483879
-1.6461722928361108842
-0.31995343315091284708
-0.46369207184550942369
0.56321282755985169199
0.092588370732186633938
0.2606649261788093197
29.580616609239573478
-1.7832014366672965799
0.78472862143312227534
2.5894596396640245928
0.03225474480712813008
0.55221094031395223656
-4.2343280981479445302
0.23845720268458017732
0.62676809822298151786
0.45408448176812910013
-0.21070254951645422947
-0.17692541735664815694
0.18795508513943653961
0.32134376855764107406
0.53748906718524358528
-0.46972152885386109222
-0.16050981077362203031
-0.15997266631534512449
-22.132498082559990848
3.5298744943581086275
-0.21639673410788629049
-2.5431154591898370576
-0.99661294490968033166
7.0376196218400268734
-0.84729623762879091586
-4.2839616392519763721
5.2802344340873377249
-5.4190515314140235148
0.64121421549857993138
6.1573623420547836105
28.941015095050644845
-0.34988900220920926554
-0.80948816920834854027
-7.3159223066251319878
0.22152243618876113485
-1.4454670577878818705
-9.8580363473300636201
-0.52366458733814891247
-1.7016368152820953163
5.4306122174356712407
1.9734957261155201547
-1.3553888724195384263
2.1893487099255715123
1.0348887270496307522
0.39649448943611598217
0.40462975964531111561
0.12875065968757992696
0.67184061134222705647
0.33024898662392743187
0.59260499846553771341
-1.0084933485154525812
0.49480547346072495385
0.096854641351764678148
0.098366323244672801418
7.0193413880119663872
0.5066302220617617813
1.0506243547117044557
-1.1224168021665481554
-0.53764379460487232709
1.214035485156433225
-1.9561440786673212067
0.31773715387815648636
0.16079396186370917277
0.95938203791476450721
-0.52262734368789742767
-0.37849303283257584862
-1.2682538218838936839
-0.05487187250824902135
-0.22124145453508547998
-0.093432085923325192134
0.21457091997228100455
0.026985442777935957082
10.550001445246824261
-0.54019866848341036025
-1.7316321933721321447
-3.7655676771276898052
-0.28465143061362169208
0.28406317111647111373
-2.3570915708425586033
0.2150649640996165346
0.081406674219848151886
0.97246945361579306688
0.94660853929354571434
-0.27908084396169602348
3.5290247527055873533
0.59011567479670423708
-0.036845885471883159379
-0.74948690398749451269
-1.1133550007223702583
-0.089535867293388596289
3.3061133843257786147
-0.55543782178045886244
-0.55612902405808362083
-0.75747066334312607161
-0.13075623282903708899
0.37941823326991069854
0.86720905699846528858
0.060944177004393237929
-0.10502383268375445335
-0.04899746159953766167
-0.040013134630678931503
-0.03719001985330549348
0.055967535517672598044
-0.031445508575135394658
0.04996506730996555512
-0.056501399989363876308
-0.00033507351147376494794
0.043639396420016046685
2.638797837926117662
-0.93757135293985860436
0.4406659680059174522
-0.34437009064607071451
-0.082629770310799349753
0.19087409204844207888
-0.28233846153771852139
0.013422910158803477015
0.28605693030802792354
-0.78239427091440250095
-0.0074744817559182427646
-0.10253942333235194218
1.29287386366877044
0.034228435992628487849
0.25884056522505322073
-0.59013389918908998322
-0.035050215760801063658
-0.0724671285228324219
237.39907237609710933
22.03652970076053208
-47.681621637575176464
150.18611721231400224
-23.531053398026273271
-18.846467000222787647
-79.247071597316875113
9.2675929056516714866
-9.8597384473994296172
-15.602264108911890972
-13.193268116898908104
7.0357386464858002739
36.8642697160651025
4.0683027909780946629
-5.9720638292948962089
-8.8960203073042034561
-2.0637344628669311852
4.5803607245888668942
-67.090773611581639102
4.7888127787757515108
0.65158081193290007249
23.408515741211047612
-1.935133820095919388
0.78990093382334047867
36.130613567240878581
-2.5777877461880986942
-1.2670357372605980384
-10.716289474531278003
1.2488443365202910318
-0.31757780619465997285
0.35239158921100754984
-3.2442452319228536339
0.80792954958037055402
0.88458648657240490643
0.46361128250914501736
0.028078093011621365477
-11.765528682386673154
6.0173875383111337101
-0.28835765733661045118
2.3930211327234842678
2.6657039103486206422
-2.4265498483115495176
3.4855600689575161333
0.14366453506382834138
-1.3002634671854109705
0.38196356534097536395
-0.45879812315160639624
0.49872497696703815828
-1.0660639678205032777
-0.23446129606091381525
-1.6198737217924543685
0.23913408142436126669
0.20144564065316147849
0.66930774973717721554
64.309726003538230543
0.50812164946885474137
-5.6282267177309748263
20.291959819595646763
-0.79100839127578892462
0.68345952661774833636
11.7089466864802354
0.8585266745521388243
-0.75016891246894912282
-8.6907820031120728288
-0.36601574845814427439
0.25525445766482773857
11.363448665392347436
0.36695216346604858648
-1.2268615079488629505
-4.8487500308826243511
-0.3592905201172225671
0.43800686275287820104
10.582995657665831502
-0.75889421793567490848
-0.39804813340472700034
2.4883305139063280897
-0.27013562988569111978
-0.0377733609938669182
-0.27346183787051053793
-0.026515899943733350907
-0.12511505536478989553
0.38553647042777511311
0.026223246133321324869
0.054516779985216042015
-0.63809814908364315134
-0.025711655381602634834
-0.042880397040962858757
0.23327494422702607646
0.013004781323765807546
0.038414028629049398744
8.5423727489302141436
0.3383431746142475105
0.34864999986062650272
1.5249964485288471927
0.29335761580924113456
0.27017995902425573362
-0.21161209261734090226
0.03038721553833027833
0.16723699729168076122
-0.19076162071996122238
-0.0074173638743234874757
-0.12149716371281391036
0.34214658895974514596
-0.046715172949635307142
0.19984736455052576343
-0.18344446221318191914
0.014167443017463010255
-0.07351937375604189473
-267.67172398522808408
-13.210595089525176249
23.781833539176105319
-174.00114865834638067
7.2086949791403727161
3.4497803599666569951
-47.275804110068349928
1.4786616508312391272
8.6221856663297984369
-8.6974069956108994717
-2.8519486979852590736
-1.3984750916954646893
36.24484868922746017
3.636001121324283325
7.9129129247792571178
-12.929382141340417078
-1.6066068120526324492
-3.7628803825775016811
24.679436931953944168
-1.8051956210700299543
0.49511815338809178622
-4.4403005310081882229
-0.46147645825322036739
0.65211362371402958882
-9.3816884771816688726
-0.40067666135954721485
0.72787501616338212695
4.8752913513132298817
0.68056720750673405096
-0.32536188867353338372
-5.5167622641531552929
-0.63252270087529860465
0.60955641112313263541
1.9110583171641974953
0.29913946009655606462
-0.30316986780096732979
-15.653628778294971013
4.3913042088518761119
2.578424578014761881
-8.3151271006013054432
0.61424354046717755118
0.26016490115642687542
-0.96851964719318417441
-0.87755980203814365481
-0.42791615141187827609
0.60928536943483291299
0.23486083400651855402
-0.4901984479628806457
-1.2375335062400516506
-0.78789015801453843313
0.20730831695341284115
-0.11161524141436350577
0.54819139663172511412
-0.046405957064197256301
-40.124996473978505662
-9.7855055464271956112
0.95928618344022609232
-8.3749818345831847921
-0.735460264006701947
-2.1662512965048779101
-6.3563078790292362186
1.049775105223978322
0.92526624923597511341
2.76224655188035495
-0.14933991920062769654
0.75715926595154237067
0.38665653435431007745
1.1399166532430007326
-0.59034133869410698736
0.93805634507126900434
-0.96864884092047731645
0.13108490209322651299
-5.3650250458319819202
0.29897872768922117981
0.053603583156265573184
-1.9804864910884030227
0.28908251842839316481
0.045985598403405054946
-0.15309746318434355739
0.14892433949607192245
0.031345190870607830824
0.19319761175468080916
-0.10940808376059496521
-0.0060853637121212255864
-0.16263804668135975473
0.13761811024482131782
0.023626057148930096341
0.081786337681224660634
-0.052396449944105645546
-0.0041122047364255728125
2.5377627773091364638
0.35260978155202687967
0.096763725126851621305
1.0791226746040827322
0.16739544037353232264
0.16313808544317967564
0.69370379062651066349
-0.0014214827005232411484
0.062746385525273798422
-0.38461470548286019744
0.02285013891737285377
-0.0598203760554392866
0.44225021311203205343
-0.058939207959138595339
0.0810317969166656632
-0.17297206127751593718
0.02065002876021166181
-0.033602336588984330068
1.9233770705359602982
0.41706574276860292061
-0.074410673812180014308
-0.48120043511366744626
-0.00097384112080671687318
0.10650726895750940726
-0.82273116941355550757
0.071757374309298252446
-0.24403475086674158989
-0.74902582105766080112
0.27632583451017128651
0.072271742775177477691
-0.097522223987891676344
-0.22360812954995040736
0.069687060147048063286
-0.40248350107596903014
0.17261350186852036925
-0.048225682006637932142
0.078939231355369690601
-0.081712591169879805753
0.01678371244634925194
0.023929227789111710833
0.026687277314792819116
-0.0078650244928038411107
0.034303241950583596154
0.014111018152337709633
-0.0084150393028981050614
0.0022354421351734542721
-0.031780880332484807982
0.010029601338849149228
-0.053293864981403413217
-0.078257148045155378036
0.042592762197265612856
-0.056988916426745556132
0.0093929977180414441634
-0.029997492719772707315
0.18387053891721538701
-0.032637669571403890578
-0.11772841948607162821
0.0019044826582071184597
0.0051552448616806302931
0.020066662012606831245
0.043931314746118832471
0.020013720901125894858
-0.03200926816471053038
0.033295155495961757663
-0.0020366074564902641661
0.012991027540047566172
-0.038640121997644986951
-0.011466597592311569831
0.0095816042711420780498
0.067319429313060480391
0.0076966248426144460992
0.0071177297887676516108
0.22409647409895289139
-0.16039862869974841342
0.08702693466812497225
0.054243409603158633525
0.027019897357663545667
0.0020696286057846403385
0.18984036736046042138
0.0041027010386239272377
-0.042766111615002093405
0.13580165826859683098
-0.081256109511040064408
0.037701116701107699469
-0.36138983979922795209
0.074439114995676597397
-0.038936756590070231709
0.041726800665584894146
0.0058029586244474984716
0.034303391311288546073
0.091518634489203345983
-0.01383469091956500939
-0.0086211190237751918891
0.047004188725982776198
0.0081402767955033750874
-0.02249705200334319033
-0.012584369981415797352
0.00023205976527140438734
0.009173649977513262041
-0.0083953317029747884237
-0.0020642480883893586305
-0.00056120783486584299802
0.0065957336475442641943
0.0084110334936144479784
0.0076752719690620805834
0.0060794188658415265758
-0.004677926361062997862
-0.0060526814467017501023
0.092397394256364506759
0.0061628399733519223166
0.054732061528735810596
0.051078752594952307742
-0.011586756708354559176
-0.037113206705951404252
-0.075858747075698035323
0.0064728760876580620359
-0.019888015145194743588
-0.032175345867362419028
-0.017022642492788335467
-0.00076559782224909153636
-0.01055304499968659146
-0.0065348534542062188327
-0.0094841859359906487137
0.011005399316720270581
0.0049932621175726764687
0.0048649045901885462281
-44.512754093004303968
5.2979579651135617624
-0.16146450406293466617
10.019225527101671247
0.17829322668648142636
-0.15821530767483993341
4.0288707674738377662
0.05070570155834496634
0.0085529984381778108998
-0.14975789321348989547
0.219278634117481247
0.30469587350858762242
-3.1279726012322051076
-1.2310298460196598125
0.82946197422174727798
1.0874632397277013141
0.1773069279384860697
-0.86141029062460550136
-43.384339328181376061
-9.1971968530443266587
-0.034858103854235274188
-5.2388865918550200362
-4.4433953205968466094
-0.94792530968994315188
8.2269935355181544878
-2.5701057939721208001
0.35067345370100205804
-8.1804483127417046973
2.0460879351856351427
0.46795007233520180545
11.429233232652489249
-2.8968065025536571255
-0.056180411331876844994
-4.2842579367734376916
1.2621740461698947033
-0.074672069216295433591
-3.6521502998303776444
0.22881574733264142818
-1.0491166894607424354
-2.9346195099623781921
0.49838367052285692527
0.2170511657999291133
-0.62399376334028455737
0.23955421911242874566
0.0066291942332070887683
1.2003725523558843591
0.046593124133888642879
0.1458789479847001358
-1.6452776720882971162
0.11514013580825784022
0.019499164536851430751
0.70406710077332179676
-0.036310353580325693823
0.037355993333646711485
-7.3960605804686423426
0.18223046801316070131
-0.073103767779653869296
-0.17853700926641827285
0.29054921784675863394
-0.85350505589241765225
-0.80380212057361488664
0.067056921959996615423
-0.14310079130284070192
0.54326702553414307761
-0.26302714050400560764
0.39971836912995389879
-1.390593607274447141
0.33921004139273441824
-0.26145210058337309267
0.66399635912217136458
-0.13633108917320096998
0.11923737903850442632
-10.793483987793687007
0.18861928028340549379
0.22290347166060570094
-4.7422559207705594631
0.037745215996946419879
0.13245878699702129389
-0.68324749119936556419
-0.041502049435213808626
0.078083010352355042283
0.19923080265202111616
0.031284284298734373053
-0.074854619544635764283
0.05135238901371495801
-0.035001892557067808276
0.089225608513685300549
-0.040450390582689690899
0.02132334014996780866
-0.032203468751369819512
1.0805393218998560201
0.29648702775271379428
0.091555319834327603123
0.52048869815887122137
0.010214560087650049677
-0.009441682222533600774
0.15399400960841572172
-0.1164551352108477017
-0.032070594435275517897
0.13281462727858073247
0.061978591669469597358
-0.028645570588289023806
-0.33746352588482891877
-0.13871841427989312079
0.0086792578887928701487
0.15067915781567647882
0.0562828537784742719
0.0020703419018424694745
-8.194097094692070371
-0.10655134392568385571
-0.54415389067187069916
0.47556141624978154336
0.33441364234356724117
-0.88551360519099453494
0.96273144614397632157
0.1808157281133388472
0.12483791831605234313
-0.9499248459300850822
0.58673257688804392185
-0.62638192948886517453
-2.8674391780445218636
-1.1418046493183864332
0.65947056853023877654
0.87502696579325545123
0.37598723355967228477
-0.21692804187312428321
-0.13039164284958934537
0.32190497758328662226
0.61292693193915670502
0.1929921230327755477
0.01761536239906881865
0.06401397077827582216
-0.13140516138354418896
-0.00211842789576033785
0.035590457183455832813
-0.34469934261598567105
-0.16216787282878566967
-0.067299152212566187847
0.5095539778423497923
0.039069498498691068722
0.14478304228283037092
-0.23424814421296757949
-0.067466521029494047612
-0.067462736888568214377
-0.69559430213658313136
-0.10757935815090718945
-0.13527321937216185699
-0.083034917918460224295
0.015299312298804377749
0.012160333541851043801
0.26134169734994439072
-0.057647551290552226377
-0.0321529990082246378
0.027374439044307738444
0.10911504232924093549
-0.0077077542082419851083
-0.093728784901917133743
-0.03673895441857611549
0.11950884302312103635
0.10531605097916045544
0.0019920777798526465192
-0.020515210781222530112
-1.0744249568511468063
-0.22212763975771260272
-0.02405193750409650999
-0.052284832311781395675
-0.046503517185663770239
-0.057935291536521743572
0.15679887706461967389
0.020874076274241905316
0.039483328214550909852
-0.2713946178243478724
-0.23326298353931587681
0.1105373202661073806
0.024524226552965010251
0.02079899524990467749
-0.075313144111405827541
-0.097116100485424627919
0.086617232454610337822
0.02588709974862015914
-0.44761265058868365818
-0.055542013844533402733
0.097364077025330036941
-0.021622795328272145787
-0.011858688745768891995
-0.0058542390322992750307
-0.012658901978336039099
0.003335519208747628455
0.026151206973578498827
-0.11993537102392412552
-0.0057954463952339472371
-0.025191779328548182665
0.14619670621508626396
0.0056239876252537814721
0.039435587525171698908
-0.050957941470189019317
0.003823310342801266009
-0.017445343783523574455
-1.1262577170516125946
-0.047861914133775863844
0.03684114553269071668
0.060061999767172732922
-0.019306469940060546481
-0.071478795349933732517
0.24733893425550962375
-0.013442004870621748758
-0.040633877198166058753
-0.080170259657548231802
-0.006231066002345944134
0.00029817721464132256656
0.0067453701392917696233
-0.013971328908502471042
-0.012134244386041839747
0.018406653749171882767
0.0088152716767594153924
0.0096695673539339763169
62.799358319049822796
-5.3079156204988082735
2.0534217856727923213
-0.25052099536698235749
1.5711278251233822267
0.26436763831834053651
2.7562747069950872536
-2.2074775747226871303
0.61755377205333905621
-0.6970184558630715399
2.891849046184753913
0.33233469897955764116
1.1801744156747691061
-2.5737990141925304322
-0.13119374716729936825
-1.8348089945210048768
1.027847134849913191
-0.2841689627713320232
-1.6619259886575918905
1.8570696340494960985
-0.025598288695033732248
-0.36077160181731782185
0.879022507520209051
-0.23275765872273151968
-0.56749299637152761377
0.37480607403897048258
0.01256742099007579494
-1.0402332376132701341
-0.20030392838682847811
0.059488890501967449376
2.4664574582134548564
0.33627214227072488306
-0.16841545028143317664
-0.93524018822186660849
-0.048891353960927620703
0.0072633401241177239852
3.3659958519489086015
1.0219031089073737917
0.016649147066329153533
0.016798994857036057826
0.57037732630395232558
0.29939741638707878524
-0.68710128399924208509
0.33636742578531136916
0.11735343671869281901
0.16782930336813547956
-0.21500344546225397258
-0.0762178003569399104
-0.17043984432009010033
0.33660332575306584069
0.19466147067064731857
0.084679268670442994771
-0.14254453558362079058
-0.073132055251359823211
1.8100613676311081424
-0.045258133072757361637
0.36439708079317445488
-0.62037963515521044044
0.11143365299510664401
0.024811008173008707034
-1.8801072002835546026
-0.016982590616173121739
0.10082963651809787042
1.0971849378868412384
-0.0048206897459786603177
-0.013647374991855381124
-1.340590898863791125
0.039774084341571688817
0.13035253722155648592
0.49776773592125977963
0.012981370082103675309
-0.041775373139798906152
3.7915025810350955204
0.26320341057728607881
0.02024188661302970052
1.200520859870417123
0.16938003018478692274
0.027811934161737026511
-0.08885276296813549024
0.075066943857723042455
0.02572674250736604537
0.0059604538448530305222
-0.048743457818157656658
-0.0095121598394092062717
-0.029159674921114514534
0.058504316410064240161
0.021840834683066887717
-0.0035894373225408273895
-0.019929230625363142382
-0.0086420553403249739804
-4.0543600399485359986
-0.047409109231930188222
0.0041566017700263926948
-1.395016913556590854
-0.030092618718963140556
-0.046365962880089019171
-0.19766538942864453343
-0.017213328475632835163
-0.016014596005383730654
0.14214618304299325713
0.0066938159453849644179
0.0097874313926435713845
-0.14420991295043253388
-0.011123594418959116201
-0.011998418848642212337
0.070357039363349790917
0.0059594946992573751693
0.007613920000871771121
-25.411782327696318617
1.8068215281053932042
-1.3362860103713343207
3.0530698288418380848
-0.28674397047560729046
-0.95262291119799602512
4.2474388759122749804
-0.2672455457040751603
-1.1519597129787297884
1.7378215701578270114
0.38807970569342564726
0.33093810975643661587
-4.3364152437441125798
-0.68991872475441773371
-0.92142353488588180088
1.8098752958334356489
0.30719576207001303425
0.39229813790278939001
-3.0085771221730666092
-0.029777707349766171369
0.034703324872298969839
0.20368963395441738728
0.08768780155573839552
-0.1764844548059542606
0.65895048744224404835
0.039820440648194455058
-0.079782198478668631125
-0.16426860728189129901
-0.076235768916744842127
0.063501445830668315495
0.16559011271459408987
0.067852612250449320652
-0.096048945067796709374
-0.023600344521989662094
-0.031402674898679025506
0.036206707786171681007
-0.92979210779246079799
-0.29307778235971881919
-0.34752513106150045852
0.11032382028750113701
-0.02615890882280684851
-0.073427566250969134032
0.30373089328799884878
0.075747400474409448679
0.020329094280115877352
-0.27297353381233452341
-0.0085063338565298483862
0.072855604322156833352
0.43430739105431925839
0.059750047672338400806
-0.052143752366461321168
-0.099064419622492350115
-0.050575598169860763731
0.017968871538783386804
4.7849057738204034962
0.31168911211461691746
-0.32163774575600639904
-0.62735947746555809079
-0.23228121397615292265
0.35604580253605111473
-0.30710160848010609191
-0.15043358250858945846
-0.084829154606855153298
0.49294064302943985112
0.056654582595565904091
-0.086342416849133310497
-0.97824369249283349426
-0.1503035503666386441
0.081622532606185377313
0.23118135667960681978
0.11860408785005371879
-0.019428438871339433897
-1.1671709872554092424
-0.13676139072412343833
-0.06981754054868150039
-0.40096473708265922831
-0.065433273627959392948
-0.055277726606835594914
0.091843152730669855299
-0.020877267855571438049
-0.026888382866573197483
-0.15188592356279834172
0.014729606244095205109
0.02118654364931566586
0.23507572331431145218
-0.016676165265390764658
-0.029949171335557772666
-0.098445477536836772936
0.007773581002000293054
0.013445025418793551258
-5.6765348794840466695
0.0015916124110961827644
-0.0056482470215612114867
-2.1635433611650425334
0.021138013078509196307
-0.021088845635819714747
-0.21245399712225224165
0.02312032947415103637
-0.0070817823777816740066
0.062624771010524854509
-0.02126737560825046891
0.0080055421594846711691
0.029326648343429385923
0.028174318264790033928
-0.0059762292902226007291
-0.0071718510828634954996
-0.0099602099979594054674
0.0038954863746207837004
1.4810868105483991908
0.089811098352072626927
-0.081514023423994760864
-0.058422775366181484147
-0.050823536045553167895
-0.02762667807200035533
-0.0059112765700742924899
-0.067501755341008648492
0.011516502834631727956
-0.062129053303506216743
0.046944391949904733241
-0.061164236381265668641
0.31179539534404815404
0.040760765045215599511
0.0046434695804265574068
-0.12294743646741546073
-0.035505941889131323319
0.0034434474353062065333
-0.12374521966680740448
0.0078491388113873031274
-0.035121760894492509708
0.031688433000501503578
-0.027821929220584712406
0.0025793050064085078915
0.037731000782961231221
0.004996647682133245616
-0.014260004193017955521
0.022253097935980705596
-0.011872750673533305141
0.0012277578856313392085
-0.098844065101103578685
0.018714823417064149064
-0.0018540301743779604229
0.040099846401367177096
-0.0061734493131852365491
0.0013960317301724327679
0.25391819776418916854
-0.022124902411560693621
-0.035784889439442746362
-0.17132826127257386184
-0.0074968886788183046813
0.0085897499463919932405
-0.035099618420221377624
0.0062532460109004659246
-0.0090846307134661730825
-0.0034264060795476838743
-0.010686577277878341052
-0.0021548601578649803981
0.016292270900907939585
0.0042479175425913489467
-0.0029106557450189010118
-0.02680057694642660332
-0.005361673603985065914
0.0072934714798631641169
-0.55073823127016896528
-0.013201857049963260093
0.011526121179618256316
0.0026446738448228685088
-0.0099052891579946619055
-0.019016902435117020997
-0.10171809529474019895
0.017030433318500251549
0.00026083044662919638995
0.0078097542923025679157
-0.0004299210301981702914
0.022561783067366347061
0.052518078456640415741
0.017557794972447384602
-0.013356119062271319675
0.020923551638256682184
-0.0036726741590278493867
-0.013297389627864864003
-0.067387633820654851968
-0.042421691771366218382
-0.013958742584375946616
0.0035197245559018710929
-0.0006174169189742736031
-0.037913680153277846963
0.011797712532366248436
-0.0021071606843223625143
-0.010698512577650885758
-0.026532316801608862855
0.00184110301094561786
0.011720317391210238744
0.030828495880489352465
-0.00023825651414697331804
-0.01299346536238968515
-0.012371439561368324789
0.0013656894610262826969
0.0051293468843490851866
-0.29393319750431318171
-0.014685985516877456125
0.010303945875407701308
0.0066951548246181593824
-0.0065981336034191921669
0.0026766272621776112176
0.057289670756257529693
0.0039639762894740750501
-0.0067560343548619273407
0.00030093428482547103162
-0.0061481149372766700015
-0.0024045828226777984406
-0.013541815593055171393
0.0038048368600237256545
0.0010713530065351536437
0.010873705599124466187
-0.0018228914119931261244
0.00083218078261677495226
13.774763568339267295
1.1333267868052316896
-0.68294267587320667268
-5.5095815040348208314
-0.030502980011861659942
0.2132278459584358854
-4.0817847484007314662
-0.13704657034935743831
-0.18925908951238465394
0.21546244065177611038
0.091994348923714705513
-0.0072774032562210053468
1.7676000906364157661
0.035980533970081801654
-0.18315208600639470982
-1.1030264603685393521
-0.0026579560277437087532
0.10840206566545297628
34.078110449282668526
1.3925842281218283603
0.42843340596667039977
9.1835652563237566426
0.80927547427134161051
0.30395181212848820795
-2.1305372527822972195
0.32177581289067480608
0.18757978600033670125
1.3302618342453333966
-0.25837953936738572436
-0.12265833291264918725
-1.8839787345184788592
0.25648665846911988808
0.18670603020190451593
0.6123181097083381097
-0.10837657670886503836
-0.080574454325366626217
-4.6686098518201504248
-0.58158556155135754384
0.039796951765671571832
-1.0293048574605172529
-0.10766852409024378623
0.086889269331595062051
0.76994765225241512674
0.053489013714640598618
0.026725737586743566337
-0.38410718871922833184
-0.048641984177286955171
-0.014299704726966693327
0.453656733401574086
0.059031159329849064443
0.038089173604038698007
-0.1762872625992198683
-0.016634769381322082188
-0.010272953579728457546
5.0044044803801996935
-0.015568293028447430584
0.066838907461875110561
1.6157315417904973831
-0.14968971778772310888
-0.17194443900135591985
-0.51262973854918603145
-0.080387096642004843283
-0.072845431747865271865
0.16832297413921606943
0.019163274473305673407
0.039982574639259312044
-0.15828949356023075401
-0.057191361290995099131
-0.078215981680774371299
0.084960782369078710619
0.0020521232853371049534
0.010360125456042430792
-1.5318181126648133805
0.10296195742631424064
-0.11488262889275370482
-0.61050930210383458352
0.016746406586815511253
-0.088936857093047633205
-0.054386829090281099686
-0.021160456792113115781
-0.052314891609624193658
0.0030561737387212648508
0.019674179267328745918
0.032992044579303297924
0.034443867596990244972
-0.030834970974749027761
-0.048370402943124238271
-0.013240479747908850613
0.013311137572646378896
0.020478888905734734388
1.020260721512181723
0.11229470677846210835
-0.076785561786755496261
0.51857706846830375902
0.03184440651542841394
-0.05020090141761369279
0.1234788946172855062
0.0052999521892721631819
-0.040964324530920616374
-0.058158906906019817995
-0.0050843493242871381013
0.022666165662498911904
0.026202202528214785238
-0.0036713411021523849158
-0.030806772766260221569
-0.0061834673583917596287
0.00095229933447934871603
0.015213909708907636872
-3.5131849973868800596
0.33344598355053184369
-0.20745049573845150692
-0.80039972518100244159
-0.020297796457853980318
-0.013081149286625395542
0.37474636045373632687
0.053854868411116800508
-0.090119823528443832039
0.0016440328004425691297
-0.057792292906352661641
0.010492469094749538872
0.19864556755241549735
0.18037076217225472829
-0.14898214159505018817
-0.055976486905379846393
-0.065269046811440079026
0.056961199586338925882
-0.41910736405772669455
-0.16293437176606123673
-0.014647400511450752933
0.19495080846778733985
-0.097733714894935902473
0.025483258067527308349
0.087699870580379465923
0.023112484360183184473
0.013619069515826779868
0.042195738215218513145
-0.027120147463566491447
-0.0088915940139844482082
-0.1767187064020867282
0.044361412857599473447
0.0056939499365033169678
0.076113715895481492968
-0.021087211721349290866
-0.0071101653617020935116
0.57104886056460035793
-0.10330278683679869345
-0.089927474947356283996
0.089212252907326400342
-0.0016721207482107373204
-0.07848163043663890226
-0.048534373785226563036
-0.0078381096705115189255
-0.041723256277055344177
0.1054768938549626861
0.0073314062301473659558
0.037256914187517566062
-0.18158045517458501483
-0.025020097240014780443
-0.050493526974606475766
0.065245530332725898415
0.013966700008946534781
0.025182148383554196769
0.83043256651142527414
0.075234060050051371205
-0.10536852531024458457
-0.028065099510723660881
-0.07782281482328308464
-0.052291607983847146479
-0.30448895269331355262
0.014022480232713917941
-0.068681770268013836445
0.011117849880178394539
-0.019855628148527568883
0.022621560637025299456
0.12855351422301952713
0.050826724519473238939
-0.044733420882965904686
-0.038627267753989662225
-0.028734063251156023722
0.0081250706266575746517
0.43921756510308240795
-0.044415562680061207446
-0.012561698235938117615
0.0021322760411338556596
-0.023698612050565184828
-0.02148111031413304714
-0.15762993544329303996
-0.0028343855304318438769
-0.0082896306289552135205
0.033674501981518778493
0.0032271431516990869114
0.0047351798111212361
-0.020262260456119927238
0.0014645676446333624841
-0.0029411234707784989981
0.0027895317329666205995
0.0011823951088946274036
0.0016741637379463216676
0.45489721707695568442
-0.046857374749627429822
-0.014708974021190935819
0.2069924612287826482
-0.014382443261168768867
-0.026737280414666570599
0.02730478832621621374
-0.0038224722955987437689
-0.01595739835168679191
0.013230540825116706566
-0.0010873229084503927607
0.0067542991828572459048
-0.03994544919892844409
-0.0052842765314367826784
-0.011280930531922538779
0.02074578594084642777
0.001217042045727591195
0.0060617269670370926837
4.4741732219918448621
0.26646561767243814867
0.15010465551056687006
5.195024960934625291
-0.32562735753702787278
0.20730024531045967984
2.0209947872219280463
-0.05964764276422338668
0.0171960409743996262
-0.23529989137568019242
-0.050716690966126180828
-0.14590932539908016419
-0.51036348109307194676
0.083504755648135864377
0.03416342676447665927
0.34862562919619760615
-0.042612125311210981293
-0.002011274334380825507
-6.8058035652329902376
1.4075776147100182989
0.021102332123972174227
-2.7024308457305572517
0.86448224978077581326
-0.02036624350882711848
-0.35573136344375105855
0.34864412060317556685
0.026774793552354923809
0.30151958242672816102
-0.26944899948033251835
0.0051370509131778846479
-0.32801779313460638354
0.30915290803537776032
-0.0023897624304478472072
0.14496886881197637575
-0.12333859601072390266
0.00024772684190245387263
-5.6727241741589047308
0.50581327598367908926
-0.048688473872279362797
-1.296853278117358732
0.18061718247545099914
-0.046655505871653395189
0.44393017535335910217
-0.023916145878982039696
-0.026600812799089181698
-0.12358682715545168951
0.019593269100459206888
0.022283506340254603806
0.10136692642188858959
-0.062964320025935965885
-0.023799528628499284216
-0.0058163955575448404028
0.024140432204309739128
0.012454370709688793173
-0.1032259832802363414
-0.03986341172916578468
0.075781807271166623519
0.075596494129882771396
-0.055622481687661103067
-0.086524051358845194271
-0.18984182536239546657
-0.027739253550700396916
-0.038861486046421450657
0.06626671114165504084
-0.00056245577491469123371
0.018578492454239203813
-0.058108548648591731856
-0.0076574580988516011831
-0.033497327510508552451
0.034347590787289696002
0.00014637010118469473375
0.010035663485123217861
-4.225594214123558956
-0.010570236663450111037
0.005899272528793522534
-1.3999364459428198515
0.0023440169357526337811
-0.01506931971627186416
0.013135532590872819533
0.0032306394003857514564
-0.0029490034845900624759
-0.046308429819637675351
-0.0021253455639800764541
0.0027595891117570964246
0.11971485888717163515
0.0040983117736295392175
-0.0017101388889754459265
-0.036345594229832391131
-0.00075528715209090496827
0.0001029992192921660581
-2.4120771899298807384
0.02016758958680769237
-0.059996187766338686387
-0.6721139840626024764
0.0043478449416507677916
-0.046870094566946261805
0.12239537950753499873
-0.00055034014584437061703
-0.028520341092315423803
-0.063751964295434102037
-0.0021307494244065189673
0.019447400717908461948
0.093863963590748750176
-0.0015430685584964303966
-0.027683143942835188728
-0.027297664579951402136
-0.00083594304101609971224
0.011907490078302900363
20.273323636422212246
-0.17787505002647768793
-0.57586123981708914332
7.004063493646488503
-0.1548068742383621188
-0.072954727511987851885
0.64633443347093788578
0.020847562988621004543
-0.039503356556006237466
-0.43207762954808054401
-0.0030972029923871167816
0.043573585400417530478
0.21276508549188544173
0.057663907053036811412
-0.096451644733971164669
-0.14168905015232044486
-0.02889446902047733412
0.043993890398642550299
0.016672581705364841742
-0.14740418707264188458
-0.087281613986693790119
0.25285529407404122582
-0.052352773380574653406
-0.036845317028345404842
0.24801734525790558594
0.012715424482208852186
-0.017010754108593768852
-0.154388982835405697
-0.012811080173174413041
0.017916446929041197206
0.16517184128158185485
0.021550906378207727171
-0.024352933983736665263
-0.062501037931620942456
-0.011062585014744873504
0.0079522266519847315674
0.8811347796551374234
-0.1443440153499293277
-0.0588661459012269489
0.23599970653586152536
-0.030146122747169528527
-0.048513056817015544342
-0.086686390210693006764
0.0087850013687874994178
-0.027903028842860149589
0.14102525162898602029
-0.014536794972422210914
0.019856269699531938627
-0.20590722739059086344
0.015432091487452372081
-0.027400608878036098598
0.081673730118026338642
-0.0055018009446131301704
0.012192192320150863419
-4.5215641174164762361
0.20394101091300070872
0.06189980166416924473
-0.79735208103008181624
0.0011125360481405261945
-0.025438182475074018474
0.5994144568559596209
-0.04345837416777943718
-0.017331733710440781066
-0.54141384168368344998
0.029777855612622972092
-0.0036674517337577719478
0.73724885727245792477
-0.042902037973305252871
-0.0042272512669700940471
-0.27334411454998897018
0.014778595476145369933
0.0022644366282047081844
-0.3168325862099357626
0.024625212691729212594
0.00029951584979240889394
-0.0092054422308426794852
0.021300844412596029592
-0.00065422631219773852082
0.075988763005018333807
0.013213615691740983674
0.0028242324061706087363
-0.069829091198227416504
-0.0091448826399098421397
0.001804087453642074651
0.086324677630617532853
0.011917585355975835251
0.0017217188647232054867
-0.032841778068048839423
-0.0040239222309410120626
-0.00062910555450182718742
-0.34919030985262655697
-0.026098659527360363458
0.0016440087234518502637
-0.047426523387000575627
-0.0061930379627985884458
-0.0073279720919956024133
0.037843701120772274549
0.001647468916905293684
-0.00099564054926599412573
-0.022132683401465021167
-0.0029016768297399075927
0.0016750072624367392821
0.025268047809062225278
0.0037384475612091479409
-0.001276111517361459358
-0.0073301777087655161161
-0.0018382351178715587801
0.00056203033529562702181
0.84152395569840365841
0.050116269329191415194
-0.0068132935598533206009
0.25863628345735589775
0.033110758177044251338
-0.031053687750256835781
0.040205812797185470908
0.0045015736459503886968
-0.029392867202589965242
-0.070186846702086844174
-0.0052712834637625811604
0.016672801025498090732
0.12525898187039724574
0.0022424946217267302528
-0.023567536577660336272
-0.061684252452569941771
0.0021874360837653584327
0.01211662813632032043
0.58310714605189850612
-0.021272925980313481253
-0.031050057842307104972
0.038458959330060597803
-0.0070084677988130504242
-0.0085538194190576434528
-0.076989585367237572955
0.0059886963964403778712
-0.0064431571455837947232
0.012564659107026044868
-0.005381441964058019875
0.005164333543979014729
0.0039144939153346351365
0.0072901900509686210286
-0.0073329693752847537394
-0.007524212309800130602
-0.0033617974271824397313
0.0025414944071460317775
-0.1600958788656320908
-0.080759050080481273315
-0.0046076654018284250725
-0.04661489318529085657
-0.041648444826684200004
0.027792371243371156303
0.018763924091461027521
-0.0085679133513017150664
0.009695108255081259091
0.0054669599048639359179
0.0097474423051588029998
-0.0062628760240911003285
-0.016151555223873216571
-0.0094264158520279261316
0.013990111525734897843
0.0087393072968583902782
0.0048308295988739409152
-0.0060544478401638943121
-0.96162986685340734461
0.0068925523583415028786
-0.021350634361817669854
-0.62292362442155579938
0.015286419466971332137
-0.0076604182808327715357
-0.10973367966864797096
0.015357266742463071552
-0.0066904952066040856984
-0.018535685374990916452
-0.013330596427398469159
0.0056425788953535270867
0.098400257164902291129
0.018833076882595931045
-0.010255017298020295893
-0.044646822295565151417
-0.0093166354788089510153
0.0045307068708150188482
-0.23337619388795277642
-0.021175445032331111084
0.0072824521116884423713
-0.031448905951892952571
-0.0099396662117054116609
-0.0054007623577443679072
0.0066810565311262301233
-0.006472180852752208377
-0.00017004629794874559566
0.0042914568599451913614
0.0041542364057945710756
0.0010293660230750653877
-0.011342032631543064528
-0.0073724155612035907614
6.2619484580755667186e-05
0.0070841428761536035311
0.0029683344673798843505
-3.5244606419516473419e-05
-0.035311175641947814552
-0.0098985019119274385985
-0.0068222772542428167589
-0.013948606401240891753
0.0013083752904240919697
-6.2821568202111962198e-05
0.0085233978252762659933
0.0047062556950152904453
-8.7491720157067978344e-05
-0.0078424642164382999537
-0.0036113885061857756847
0.00123612313070736962
0.0086751256903985253521
0.0036986856025893037093
-8.2967919375953738193e-05
-0.0029393848224605577391
-0.0012883359521104502041
7.7497822657787493049e-05
3.2952685574697335724
-0.78153307425940710118
0.091447638059758223905
2.7504444871629321057
-0.43898740799707786087
0.10126929862311609409
1.0663689211456528483
-0.13549500511500364719
-0.018526197596430690751
-0.16432017402236984149
0.10312205297614214505
-0.043364378987770513252
-0.13016664477271611133
-0.13041441838217804339
0.040193181394344759672
0.097891749276550504844
0.049407520110233756061
-0.0079172301235796421065
-2.9697236757567511134
-0.22658911107762325088
-0.1601732863267739948
-0.9415188296983864058
-0.17854197920679362732
-0.0037618318435154699149
0.19294364007880751566
-0.025269012742183873804
-0.053387272362319534991
-0.17708267625740961582
0.030594818571709002375
0.016536306894871059814
0.26055154842768712964
-0.013519962211636522495
-0.033296395276074537695
-0.10437870016000871942
0.0065946780690584521842
0.018422672692245182363
0.35032713957772049218
0.017504947234610913898
-0.049956148314836808233
0.31157696673778362273
-0.0051255166615053852908
0.023396724710544807707
0.2287165771531722569
-0.0016472474575837253719
0.0062973339840778639123
-0.13566669776161541239
0.0077367415034468043147
-0.0005138098299728920083
0.13692249375888979057
-0.012097775371410940046
0.0079272639131671429613
-0.049777452272382650966
0.0059406223470731024661
-0.0036829326205712127791
-1.95128497228877551
-0.27175220617996531658
-0.012852079775827213864
-0.78449081020342414927
-0.16485332502821881118
0.00092310963935591757498
-0.033021458029110328791
-0.061365244967308371637
0.0033591375599745644347
-0.064040458928920782067
0.046675551873163446948
0.00012292658358826994845
0.15066357147135719941
-0.052395815102896543813
-0.0027331676614809454276
-0.055103033158758543686
0.019333120154252394357
-0.002906093540749707816
3.6054127473335815246
0.052377234525866636639
-0.028370180777032648345
1.2886030877801484262
0.012028882568549609591
-0.027006169016458858589
0.0032596051054467668241
-0.0054356786947153522965
-0.013289173175892100842
0.010008562561456418177
0.0050207796076746323555
0.010316417578792164839
-0.071957182104010683488
-0.0088722019142732280045
-0.013236506234227948114
0.021605278864588958049
0.0034720871503977415728
0.0051587110820813138201
-0.5899093394829607595
0.04299581777625873652
0.022952600539413760272
-0.024988355409417295494
0.020297636862335453889
0.018999432340111369749
0.16209621965234966012
0.0050099748741700084534
0.0063203315228838310644
-0.094287697148671897884
-0.001767522987335278092
-0.0073115182156957897117
0.10642242084081622588
0.002865947261532748782
0.011787574623426977025
-0.035913038930228298462
-0.00090278777269938445885
-0.0040647924894066864154
-2.0780676144553975604
-0.090464622886848936045
-0.041892771808641024456
-0.585965234531352408
-0.064695583334280701293
-0.034162592100481684043
0.22459290071541948564
-0.04001528744946945132
-0.021756121435335805392
-0.23486316596385550803
0.035845583005693966439
0.013578073792002530798
0.3631901613633595205
-0.050182944266040613313
-0.020783138626566811935
-0.1421942341224451678
0.017097092825999270216
0.0090589457561703647104
-0.63540836077217455191
0.0099396469160309090102
-0.059240894704422716877
-0.31613587169832441104
0.008671734168279206928
-0.013445419124068488242
-0.035311957990918914352
0.018681256873748022102
-0.015576965195187223931
0.0094506261545916764311
-0.013733451813522409846
0.012492647673594864735
0.0060547430452314804708
0.01791109326620666034
-0.0173891737635773376
-0.0045879416552999383386
-0.0069214031153263340032
0.0068245622776090730452
0.073765493882522389923
0.11487312685753643671
-0.020533566620153143739
-0.18114594634084985048
0.064152592042412734386
0.043910782028252895448
-0.10171857608681543483
0.039706274743210159817
0.012541420199763666718
0.077403929414645050722
-0.024971241047054774931
-0.01056415040120751124
-0.090577869462516238941
0.034222534282782622606
0.017428053631556972292
0.032443967694288151915
-0.012791941070699143837
-0.007007221389917940059
-2.0929626677693971004
-0.30532647368348975192
0.017387896606633129054
-0.61467492045655414135
-0.17504253167185201967
-0.021204162490798390134
0.13817222454418887079
-0.067335876199310612522
-0.0017051450901462640759
-0.21648669663559930165
0.04460732082154771766
0.0019897226072008015497
0.33962521347100810276
-0.055102775906876906575
-0.0044421068783728218793
-0.12766226294113380835
0.018845170062473867723
-0.00045111496480742190691
-0.38595610922849143964
-0.017527342917747035927
0.017828369110822629012
-0.12984487078932807624
6.3794978406880653099e-05
-0.0017638999088140944888
-0.037942215407452496712
-0.003360775870121055376
0.0038152376160452104725
0.041788625785327861151
0.002770194989272020767
-0.0012397584504390260149
-0.057750358257932232764
-0.0031956598504453404518
0.0044244631481093546488
0.025450115863617905204
0.0016887724507483213229
-0.0019632631601275507896
0.0765471001932880174
0.00272009448422308453
0.0032634715841217158336
0.019792284796492542326
0.013889654611985468788
-0.0054607615259888468359
-0.0088929965051473616744
0.0055108551132711444676
0.0016018710076318488662
0.001264666222701946955
-0.003560563439452353509
0.0010622070079368136578
-0.0027267730818137710797
0.0051709644758037567533
0.0018590347653801759815
0.0018481152606230311867
-0.0020283182459220712099
-0.0010116242691745440125
9.2186757637294629575
0.26788919161106622413
0.23647747013363518143
1.1118821049998666162
0.22577603290567824224
0.10126106010329243012
-1.2856248583982730072
0.057517181018514197677
0.039465522375804175381
0.53009433681983364473
-0.010907095485638191451
-0.048445224945320906895
-0.43866958988332804825
0.03070717931245679766
0.05803796802478819461
0.0795286826422714338
-0.0080427443697928726468
-0.022248524044560666346
-3.6567824055933417782
1.3203713371634300255
-0.03929935840090408028
-1.3476878110865531113
0.73077372018895914163
0.033919261325026990594
-0.0037430279033550061495
0.32298602073428461789
-0.0058249662841118390877
-0.010108314368642092734
-0.23125009427542916884
-0.0062249782246483051015
0.074916460289160796693
0.29101709963856031704
0.0065723590026831634273
-0.030075412033249288024
-0.11313249728304151931
-0.0023535208104506150431
-1.7861291703384454266
0.12824967919155008667
-0.034792249295784873075
-0.65003474750702816554
0.079016261950613911336
0.012279820069374693808
0.0083606419431764625316
0.041410286662280082481
0.0012359833168842768083
0.022219828291774410683
-0.027661794966130685836
0.00096394129444236562303
-0.017024546398730872748
0.036375829372861760713
0.0019294332212265381029
0.011011338404823845308
-0.014343344858326844554
-0.0017446691293632585109
0.001866081438018028435
-0.13877957608548402435
0.0014109443368589588263
0.11730069022216831065
-0.099599841568564440042
0.0021615586132628429074
0.13338634429089293865
-0.041722614191385530569
0.0002051001492281582302
-0.13200977506595226729
0.030478208421220055052
-0.0027304227602735040188
0.17535069608195696933
-0.03840328060983421582
0.00014120520332818641473
-0.065814728804950095586
0.013887527701112912723
-0.0014736227895074600121
0.053730787290413639656
0.015270358273425252427
0.0083123794204200129876
0.066508431732862485775
0.001709827141522758491
0.00056352708794325128729
0.013834464871206547318
-0.0029935680309560435547
0.00035217316449737346351
-0.0030424585249123857478
0.0022460643796523593364
-0.00095332735150242852492
-0.0044411600257838936695
-0.0040259364993038074254
0.0020060774841262206565
0.0035862987628517274501
0.0015711086068398434461
-0.00083065884897019651254
1.9820459338494975654
-0.029010666594741430641
-0.008484508765358450208
0.70755328922797089408
-0.024518801609051253665
-0.0019878107470668675803
0.02950190756782142612
-0.012484892246807481608
-0.0028988667787160993586
-0.022442263478263748538
0.010282496002595335749
0.0016464235154148259936
0.00261043369053117532
-0.013180482859056544959
-0.00170137717313785671
-0.0049666360544797505394
0.0050523142775621924377
0.00068511437870930850125
1.7188279986261227883
0.011357099883764145906
-0.0048122138876152921114
0.45938532337952037166
0.011838713856329436888
-0.016501130256578181582
-0.026329302059991527979
0.0021944541160041539617
-0.015506267389606512644
-0.032108715123992742635
-0.00068889977171015593423
0.0063150193413379880972
0.074684675995405902516
-0.00063250636918859258484
-0.014590414075615955672
-0.041959210244250554067
-0.00012820238275290874374
0.0068555835765280650346
-0.15342449228251964222
0.0030158410183784506789
-0.036954217468200808994
-0.0092371936279102666301
-0.0053493636890794577649
-0.011367577370376993201
0.05587613743728155058
-0.0042651501434468382795
-0.0092467186405389301812
-0.034666614274102156013
0.0050338742496444108601
0.0083031953983930349011
0.037243974181014508074
-0.0062940621770734414206
-0.0097651446053416118137
-0.014264244696962772793
0.0027024845806550385971
0.0047264693243636362804
-1.9927740665759341443
0.063739251564162852093
-0.039122554344312152064
-0.64101002085668890018
0.033364294182051855431
-0.010967928328575854077
0.038461756197380438105
0.0095724984229951619319
-0.0062770628945299647775
0.0106735848367830264
-0.0050864933051047557869
0.00747524838896700735
-0.0073675668388561970507
0.0045202596588330944127
-0.0094810677568299851076
0.010685242786421213917
-0.0016537530964649560256
0.0035601247781993938281
2.4024313344534915515
-0.20591124087256812425
0.04660285770325968413
0.69252584148193752078
-0.12306966807747281301
0.022411048082076546334
-0.052906797015328375922
-0.041236642003236165244
0.0040595864730710628024
-0.052078738134180735386
0.028088912714773896923
-0.011876174980770891343
0.09005823392642448022
-0.031522412150020044652
0.01353391062450507408
-0.047585782816067345724
0.011634299165839787071
-0.0055415745870296753695
-0.0092534653626985974989
-0.017122242035664068244
0.0061762108549814889388
-0.021462566158799892269
-0.0050836895423177156511
0.0031044337621558676897
-0.023434485210983624359
0.0010328549942950054213
0.0024943869783237522172
0.014495109319979779597
-0.001264073202899409186
-0.0020271076904120671411
-0.014920808214212832182
0.0020470942499363816575
0.0031497776206967547166
0.0064074004043558297969
-0.00060058604890475921542
-0.0015232089556650976921
1.0454764722684102285
-0.00036356689951728119901
-0.0062931482221361984691
0.3375406951193333227
0.0024045667940136737292
-0.0042909508200862870458
-0.014580295745555542711
0.0024807529881514748388
-0.0023122200220799700443
0.0074954370274357808371
-0.0019804960187887804199
0.0021462291928792112325
-0.017923055701473743911
0.0026576919987541143542
-0.0025018405280987799505
0.0042361106511552967455
-0.0011836623147486919922
0.00080134073702047947229
0.29380794546387700716
0.2236195977568852522
-0.11687450271638669119
0.45168559644780470475
0.13156723897996136508
-0.028577713745896089065
0.48668905564381786943
0.066409505054261366852
-0.030211933749639409419
-0.35725053532201261897
-0.046959664221613524326
0.027062127690809893721
0.47232898915723930955
0.056074389532532575853
-0.032121996870046201633
-0.18482211706714266053
-0.025432744807093187606
0.013736154317672328098
-0.34769375741529506829
0.016687397889262135797
0.014860963262351443992
-0.098129448562168750114
0.01430593144418774651
0.014086248058295777058
0.00049516217652567260602
0.010459003189123525571
0.0089510292555322595182
0.0087540365929826158969
-0.0069371515105790364231
-0.0072732751620088621075
-0.023749991670199942229
0.011100633680277839643
0.011751890737247966748
0.014862415735034542261
-0.0034303143097975203821
-0.0043325136824099007987
0.37156516840143632985
-0.040405143761336935471
0.062782150012440862685
0.14594258745780908093
-0.026592218645896198437
0.081276770906233711256
0.065946145460904423419
0.0084439812690126920397
0.022889489156126232444
-0.0080218555049124291856
-0.0026831439951765477525
-0.030345952540445714912
-0.016024912764676456367
0.014503324697482970415
0.034924286307667432028
0.00053770790638484142893
-0.0044249551966756900043
-0.011690836762961683004
0.7387207457153345258
0.015563706210478629385
-0.12133744132769762325
0.094147652708993570525
0.0044305302365563068931
-0.12099330404610783574
-0.20115823411940342291
-0.023711713868321954851
-0.033704566521299904325
0.080070756824422897879
0.0086383313576323707272
0.049139463876446395907
-0.094007998267593415043
-0.031287754609198838163
-0.051358798463629375119
0.039631306477717384573
0.0093959162183072861274
0.015249526772020464277
-0.131573779700953436
-0.026805549245985688112
0.0017375726590890261392
-0.079856820913351986291
-0.013417807177851660827
-0.0085294002381779629451
-0.015499061746413817647
-0.0066904156265766984157
-0.0020525413471803883453
-0.0015900071549982677452
0.0031175650440032720394
0.0014666827275907148593
0.011071048382202328814
-0.0032940898552375483602
-0.0042713374255375045896
-0.006558834678812150952
0.0010138898154283912823
0.00096869949000941775637
0.064975327338321509085
-0.010912706665698101993
0.0078650775422873329262
0.016727826820736549363
-0.0033399325899136837574
0.0021771432446015094933
-0.017311430350429628938
-0.00075623805462134044246
0.0024455797061528356667
0.013831838927669539221
0.00040307058465707313634
-0.0015782738061227048754
-0.020906423515476946218
0.00074597239055295371229
0.0028540924295341035116
0.0083908483330917566639
5.6138772920864847191e-05
-0.0011923347149038609084
8.7169283801987411664
-0.47502597542825786281
0.040668305795413701997
4.1146152033128418068
-0.15386243542763827774
-0.063088087466484754628
1.2422718333182591888
-0.019615117296976375405
-0.041268042245124390843
-0.88870204684117048988
-0.0033527460091517758897
0.015274797437288724009
1.0031427190889834478
0.029244750550832861874
-0.028128664281869667635
-0.41149899774552017861
-0.011539427446904686539
0.015321472898585895839
0.055982271579042688914
-0.33049527619912311138
0.071106212340111871195
-0.15154342259576630836
-0.11819260587262050977
0.064891101159373729135
-0.11016065916612868825
-0.011469321903346582636
0.038854278702565678283
0.14023275879306620895
0.0049369427276827991535
-0.027118489597207192515
-0.20139785104739030275
0.011892731245765916434
0.039126985029597875776
0.077317244085340866566
-0.0099140343461052004431
-0.01575396790189568727
1.5570235901507543108
-0.14551888779819574515
-0.0047032137890251363849
1.0124345591248324894
-0.10760771207123917548
0.037995608102193045852
0.36554147567740141733
-0.029374962102495402044
0.0093970448441763054781
-0.21244621028156687736
0.027703727554924555132
-0.011873573829622591225
0.18279778828970436044
-0.03077448370623661264
0.016260599566693598877
-0.068317664850495063433
0.012442334357819384572
-0.0035430198744866780655
2.6679904407599654981
-0.071800089520441076618
-0.0037212271138084497719
0.62425131352050688971
-0.03087040434356042376
0.014383195020217058591
-0.20001663243097461686
0.005013172077079876103
0.011968869404624380912
0.058871247115413992412
-0.0033817454287841039462
-0.0049654424503230718338
-0.065960644249012462259
0.0081491345671456955763
0.010524892820166886764
0.012397890086081175126
-0.0046327939631604433957
-0.0065505099305462307149
-0.1227654531528267895
0.043679783461422400093
0.0040894662193060211941
-0.050690756233844523615
0.024618285433095469378
0.0029164463753201161876
-0.018176298118776950535
0.0093744809699486397747
0.0033185861831237580162
-0.0068872082593403466388
-0.0048032769972817671369
-0.00024218724467921966541
0.015408065435576786747
0.0061799054164772097841
0.0044632697195937732007
-0.0057490426896086533823
-0.0017634232505386406888
-0.002370525236107253169
-0.26604768506284909302
0.011244866757753040065
0.029031295786418758603
-0.102359820530494805
0.006978753131348372149
0.011564091700298363002
-0.047342254285657074664
0.0047310227085802280048
0.0067414485163368904896
0.03005025246220943691
-0.0041895475585678630323
-0.0061630880146235477585
-0.032379236450335351083
0.0059669178876479078352
0.0096964318087153066744
0.013629424652600093115
-0.0022330970473198770432
-0.0043518263000835791243
0.19260147338916769333
0.35115645779451781783
-0.16062148228298800401
0.54722958883464234425
0.19762219484500867517
-0.044636047134053835617
0.65882342351994827023
0.098427855835415939412
-0.044172811128137035031
-0.49501918737771483103
-0.071420778438648038766
0.037771202719639150602
0.64675836902786520977
0.092789440066361958404
-0.044518038024952903686
-0.24796457284202999549
-0.038082412113454713887
0.0180876042655082718
-1.7440183257470236455
0.079044631862142486489
0.0077896968737530989865
-0.678902519938746285
0.049025858606379604798
0.018355935652888445003
-0.004591374676502182027
0.023012879487856494759
0.011138070718399084927
-0.035974489629492782672
-0.015589139028080832919
-0.0072049876671612328796
0.081057460906921383059
0.019156316497692203044
0.01263807650094416965
-0.030354966329467131247
-0.0075162129179014288902
-0.0055684027707193287093
0.29868330211053362166
0.051055747350775740334
0.030726006859499940121
0.14044611956479427506
0.033342959730477732261
0.053101327610151981273
0.047941348571270268886
0.033754692247167088215
0.019150266659476909703
0.0080692001463453805893
-0.022667167090972890897
-0.02178597532196951958
-0.053799807135342499198
0.032419860643159388591
0.028055301869788901864
0.02169801841113089616
-0.01427228855872288843
-0.010291692320218950168
-2.6665938242498476995
-0.1916232090648049835
-0.03304229794107205187
-1.4481391594653767463
-0.11782045170137470103
-0.020749071698447300871
-0.36523889784187751895
-0.075061810448725618805
-0.00038016299770310331722
0.12919569706642081153
0.056674503123310675246
0.012544631054924763186
-0.041038478282699998589
-0.074508852637321987267
-0.0081598008338200373607
0.013660008720102673196
0.032405978839996608942
0.0023989944907107998984
-0.70713601763239453124
-0.06191566598491082124
-0.012708024675944593757
-0.21202363314485317414
-0.035610233131686749863
-0.012411750521392938412
0.011785625192862088373
-0.011199001817784381974
-0.0076393664233982278011
0.0022698058931813749547
0.0069490654982681645049
0.0044970384241865722294
0.0062886609205692559771
-0.0074314870031493484789
-0.0099496878638331530398
-0.00012968326013485705355
0.0026720634139351449703
0.0033309820075678635634
0.010144132303094273787
-0.018188088642395745798
0.010609875308061483823
-0.0069704711208716961177
-0.0054889925332131991181
-0.0010597057350327499219
-0.024996663992163339896
-0.0018517652950355814774
0.00023592476113548332115
0.023376670028048881361
-2.4223375740419577463e-05
-0.0012382312679186135203
-0.029278776161419124008
7.9105853500881443264e-05
0.001500815625550653773
0.011772832940866943818
2.0821220639911519075e-05
-0.00044099941264831826315
-0.31101296931939353962
1.4979126983417785368
-0.071276646725732084597
1.3205162253515616566
0.73553317718984345674
-0.040696776447450302983
0.96987015074769700185
0.27651980174550633285
-0.028704168899182577745
-0.48374089896712357817
-0.21380109571434641191
0.014763611191251855767
0.44194917094010111036
0.24287148856643461792
-0.019861385510924398773
-0.13848104496499485938
-0.096067515679104611981
0.0090033473590545032295
11.324375654692504511
-0.55450627234862237547
0.079013958593902769434
3.4927396294580002056
-0.33354259175534106685
0.088586722174596913004
-0.27537408759919185242
-0.14875659692334622375
0.044920057240153861422
0.17224425137880300385
0.11062804412505222729
-0.030287649063112466463
-0.32607389477982295922
-0.13662909278464838159
0.052828488833619319243
0.094956845074573331678
0.049827677207658453706
-0.021502850184853913862
-2.0448284570754853284
0.068686251631009012653
0.069704762084705607084
-1.3385119973982408936
0.092583960510944474098
0.067902844137777779165
-0.45301896335867058996
0.069964573099472127105
0.022052171280843767265
0.32416859531260844296
-0.050148653266257225969
-0.030729830255318498627
-0.34137324515442302175
0.077912026872782910725
0.037607347073219291045
0.12506355581676564803
-0.029428007139248153756
-0.015450448483926725388
0.92008967070909930541
0.0012611723897791031652
0.030926633657316560805
0.20095878386998022869
0.0016778113375019417311
0.018554323104298858782
-0.11282893509356310691
0.0047676096048467255656
0.014660835512928953317
0.043445140494192575897
-0.0039419594302562638646
-0.0090285085482677499696
-0.052216730681218799515
0.0056871678431939746284
0.015049270718146087744
0.015726118934577530684
-0.0027595074055183398468
-0.0073256071263298923324
-0.12414369388441851005
0.043972152729060035026
0.011136910331337455601
-0.060172780026787026086
0.022397163934370852706
0.0040306169467988180524
-0.020429005498659905116
0.0051879847628869607198
0.0028211754118831031297
0.007638140485252667769
-0.0026331730269634166797
-0.0024745504588690502359
-0.0040448741915215013012
0.0023634931275826019659
0.003838475012797281944
0.0015512418716822893618
-0.00026710512467671086159
-0.0015835720080981539794
0.15227686849601279606
0.011263882691907835948
0.011162922405572131904
0.09373167902554202513
0.0086181908537496763889
0.0063849134631317194799
0.022813213307900571947
0.0047503229116032958529
0.0033522639890980793394
-0.0073697142571705481773
-0.0033982239435201267407
-0.0026263267819525673748
0.0019320344977036818784
0.0054596120948427915784
0.0044372618726683556167
-0.00017155794171405184243
-0.0020336303161756622872
-0.0018480069673369999093
3.1765918358652993625
0.12307290803819809222
-0.058282185876060738083
1.3153327236056018279
0.084423899119021608706
-0.0075455318450743684086
0.2953577279483944884
0.047636967422175956199
-0.010806957915690701064
-0.19679534481202529128
-0.034483306978479087712
0.011153465343223270545
0.20807490966603056637
0.046547751638739059965
-0.010960610385564202932
-0.086887559650069279282
-0.018439307986055045174
0.005063974421080268476
-0.085571429370983331797
0.020464257586392017862
-0.0019444820704073062685
-0.049629395135167619912
0.012429707434281392006
0.0045999133371617166935
0.0023978005151056502528
0.006995840450152662239
0.0024575709844291740956
-0.010862375548944508408
-0.0039071093202015412527
-0.0015383200857672103129
0.019800065793848523749
0.0047848395580301003593
0.0022580624666574096795
-0.0073662503158593841887
-0.0018665195520319876905
-0.0017098415649139707753
-0.49031010641342087641
-0.089981524520005864987
0.018302766835392156319
-0.34492200593859467794
-0.050504740616894902572
0.022236131487257872197
-0.077798237288494831443
-0.019178251609945077411
0.0099453302379894636953
0.026446424760394101477
0.013190212265081787887
-0.011718617047680662119
-0.0095898282996348168522
-0.018026579309832431453
0.01360979210117580461
-0.00058224802410433945492
0.007128369098954235282
-0.0058486771047141306382
-1.4895962856847164701
0.19370237254593056231
0.013651578137125489065
-0.38995854113148942233
0.10691877561676900454
0.012795506281061370252
0.011708393334843672853
0.050176037472691233099
0.0079183871411579315192
0.0074335175882501072081
-0.034845528176788008456
-0.0025163048686592795131
-0.007225031027891233408
0.047172931408099430528
0.0077290683391019196838
0.013680980363117139359
-0.018958978618529773869
-0.0025276227601584563484
-1.5044492700470668556
0.00560720225079744828
0.0049502886625197427967
-0.46505481295757183924
0.0092089432870615054588
-0.0022742171618796206377
0.015790581776818413129
0.0024196983554129981517
0.00091627315626252852504
0.0076906399284460023533
-0.0014570656096357693932
0.0011151432621280296491
-0.0030629087184715921531
0.0020588608687101858478
-0.00055741643446335800791
0.0065646550515836860767
-0.0004963617069460824708
0.0004183761433619967874
0.24132441081385883064
0.0073811248391682446335
-0.0038625777428473377466
0.089911655654850000663
0.0034974250864137942756
0.00014499987204187416204
0.01327203099917299324
0.00068177388050664686214
-0.00060228072521258341297
-0.00596761182177522366
-0.00025639229447546108605
0.00028387409279131980717
0.0026989374364991482354
0.00017061908896152987516
-0.00020512993783487301386
-0.0016742861110388927975
-7.4074595176534666682e-05
0.00043434298244305388076
