POD_coefficients: 3350
-2.6981824097155078235
-2.7066972293066551281
-9.1625218708149489544
3.3968369755848755176
43.528231931579931313
-7.239951364995795835
3.3059175059464305235
10.809846581296348234
-2.534698839774900847
0.49980434965212533482
-0.52676885172591336737
0.56389391395879562285
-0.059193024069773871043
0.13204286835046971649
0.27730042776335478427
0.28462137297294803906
-0.089681515673559100699
-0.11670482365239229217
-0.11238850705095648763
-0.043292372115096122709
-38.133402145861104771
-0.17839181759220770762
-2.1811744196012754493
0.36165801044919421159
5.4156887231052390774
-68.360870338041351602
-36.222882850247117403
4.5570693995310209701
-0.030234475089948625176
3.3630853727228027239
6.5881537117130601899
-60.31370349015862331
-55.414669747705836755
2.7597490919710918611
-0.93153046282754192742
1.7361122046906332095
0.96972570905114163775
-69.548875745168245999
6.195449548962474573
0.10505008249122708974
-0.35174616458422908183
-0.19555822028079911101
0.39723223781667987842
-29.640667094364442136
-5.4233107658410055762
0.57961326780349420318
-0.060040027936197538916
-0.30128194723684892375
-0.26897728113770147385
-15.665035484041602842
5.5680497993721465022
0.19992106736279099954
0.73074719603400606349
-0.064626040143584223552
-0.50960766615794506063
8.7430941903181675912
3.7823940077059412523
-0.44016186284290864661
0.33308074887085975524
-1.089667394975198933
-0.34357907815740329482
7.8229185948802104633
7.4003840438222914244
-0.31515010410485871928
0.51565147595165772287
0.2925611523870283448
-0.2343686106173682171
11.528780263337507606
-0.063744220537813187089
-0.11013692156565514646
0.11131488211736782767
0.13233117555715565028
-0.089970130114541219113
4.1003039915494703394
1.1725276645097508776
-0.10264933411134222196
0.035009707114052539267
0.10046242440106448179
0.048367313515256193934
3.0283139728552974645
-0.28459706380242988377
-0.050174578652109877441
-0.066212832635750965005
-0.13161403246533778799
0.014984224996593461382
-0.26741180140633352691
-0.078634279050872668559
-0.10788140544193616788
-0.0030912479731383364981
-0.1456722695441745874
0.00013986276199630715456
-0.61756648116018852956
-0.53955207218287359883
-0.060307855999745460518
-0.0093584132894776010658
-0.12809441698272003296
-0.079667281624103636339
-0.60358975917927315535
-0.19695894914846878709
-0.020334218910901539351
0.035360112347060289328
-0.088472244684802428538
-0.0089929585487742054462
-0.055024915058007460578
-0.19000755728764687214
0.0069723467921623451943
0.010474387638917538601
-0.0041248431695824604865
-0.016284239249186083925
-0.21927858046657244806
0.03720984455224715659
-0.017572218330373597095
0.0025847505888953220717
-0.0033573806722434441571
-0.012113994691678425797
0.0074321814495191419053
0.02373300007745110865
-0.029736218355797715968
0.001592365630884233843
-0.024312936497523265911
0.0058900478062717913363
0.057330236151162686231
0.075629880797560430916
-0.012967118782472194377
0.007641731870496107186
-0.0249353361277990411
-0.0031116124096749451546
0.094839272117474907042
0.048138926840289628095
-0.0021427510490698966142
0.0033754643546933895716
-0.017401337376634844201
0.0056283266617133485138
0.052823943319226726589
0.032251317138335983126
-0.0046295561695838226279
0.0034623910704799682088
-0.0098417954883344843653
6.0500957171224374316e-05
0.040083468728297787231
-0.043259883766230182445
-0.010594568990256949745
0.00043790192054278623832
-0.0016346348493639327459
-0.0033741130832495840747
-0.03454872566308181403
-0.036227358680507915079
0.0038065618533814171535
-0.017968218136666103124
-0.0053017592187729039449
-0.027691305334798552856
-0.061531089656175659564
-0.057614206627550797191
0.010484911172639648641
0.0019546878164859444842
-0.021766878744958594732
-0.014036099783917333622
-0.052156814291800551731
-0.02527114232737894331
0.0025453569507436222055
-0.0068625019800826591448
0.000658612429665364962
-0.0095671535381262069048
-0.025502534986187378602
-0.012877697926399759437
-0.00021478332924196205612
-0.0069036119159859819783
0.0031627660586913339258
-0.0062005401394494685102
-0.013491163052420585694
0.032511363054941684603
0.14817128551966970984
0.016679464971629868325
0.015549755156368555431
-0.52751492461429450032
-0.17240167015169308162
-0.28133600746064862941
0.15275988189804526329
-0.31990732362096224728
-0.28694840482486727584
-0.31185851062143177259
-0.16504295668391999463
-0.080071936758750544838
0.16092773882923794293
-0.053512142870453756338
-0.16476570514468749651
-0.027357291672838540686
-0.057294554793806566628
-0.0049137756006545135409
0.026716422627514415516
0.1045074979920873337
0.090243125340762536668
-0.098187099075531178438
-0.068275548453387457926
0.0030879885360099532804
0.042989458066491466337
0.038060602444804240985
-0.035733582286040517506
0.019629596739150163842
0.0061069890122042481961
-0.017143837789302913271
0.07835963351920217923
0.0703269154219317294
-0.0039869755853213645347
0.039495313424227039556
0.04617323882864514395
-0.035199988698786162378
-0.063064437410653956251
0.016275310777292356645
-0.041430133166615250306
-0.020618629163941630533
-0.024380436712283393846
-0.030287071479606623992
-0.15081593766012238444
-0.03612463974448820031
-0.0073670418374711917411
-0.031038610562875955379
-0.026708331568009419099
0.0069469419675687897262
0.0062654199976636421737
-0.073154815468262204825
0.0037610823473954013013
0.0079360030167329610046
-0.019071275176411116997
-0.00075779084037879860733
-0.020682887543900966426
-0.04109932685466977792
-0.020223776750834622506
0.0059368363939139969301
-0.00037291222343606385053
-0.044947522127489890342
-0.15911314402009973934
0.035165043307515957138
-0.034139621168356004688
-0.17157235963042463678
0.022081420478801405682
-0.14492994542561418725
-0.16120837054858333515
-0.23306846559477251146
-0.038699162633511821618
-0.10821602838569709115
-0.0037464982233248005083
-0.020578655999788454667
-0.21088109877924490765
-0.12248255615840085431
-0.04157593061161973802
-0.078115912981499127654
0.000719797645506146575
0.15438736851775852754
-0.0088325332287654909763
-0.1386479837437709639
0.0024522922105127756276
-0.038881945312129476133
-0.026035610098302904708
-0.015253244430993621872
-0.021641338028611411398
-0.069023479105361176811
-0.0067855028641945289852
0.0031725491560487561506
-0.035609290240345092826
-0.002298763128395820126
-0.097671961795810807727
-0.14644118139149150948
0.010999909330981719885
0.13866352891317987317
0.060124531839208128492
0.035482518239929240755
0.069223689117719922059
0.071618395053899830405
0.073078211657225944364
0.018326900218553515698
0.0042532534665705125018
-0.027002782304373258715
0.15082669794234956906
0.023044922892526260166
-0.0090004734469759633403
-0.032978312193292037835
0.0070857471151822325542
0.077124619795791590771
-0.014170356210983451467
0.083845346869278081225
0.024041440977586040623
-0.031336467637895736027
0.00037601710487422315829
0.0050528524148649531927
-0.01507618487037925073
0.047257051177198729219
-0.017480930746806202375
0.010743893737028640395
0.22228688256997869432
-0.044947656424921149376
-0.0077657136807958299096
0.048166982809132660726
0.083983464686935516141
0.11417608622508824967
0.012063177686785027734
0.048235690324734389889
0.066439906593208822305
0.049052615687745215745
-0.036626807674804744142
-0.048960906664706420333
-0.0041739335867963826485
-0.0081402529641299310043
-0.025073178677175417955
0.050223740945489689369
-0.0062349935525322815189
-0.088299232621055739889
-0.0079183721206122041625
-0.11754971336502795243
0.020059194549049426393
-0.054665617134820175538
0.065647292143941091136
-0.0079262375560052427542
-0.026964765569407463802
0.013471447101781237193
0.00093265393507126973915
0.0023899341078855787512
-0.056337902308462549372
0.015530630500086663182
0.045633921024189970372
-0.0022989042048454752694
0.17199076474976818241
-0.10776798485532619598
0.080662256254346725859
0.17830967128735250582
0.060009627288983125037
0.11781832255857041525
0.0022083891084977592262
0.12658738270353747657
0.14121370451778364474
0.11854862850159819665
0.0052400772771812424711
0.0073224043478281267833
-0.021443007321978291291
-0.0043456187488334812111
0.054964985289780977917
0.021721748840250874879
0.04905708925235969381
-0.044319942415036124583
0.014754249514777769553
0.031732610618088852306
-0.0093847100509150318398
0.018608870616828778605
-0.0025871758257393945475
0.00048527072679628753538
-0.00036278992707099768636
0.016219306603578322046
-0.020700136342289305463
0.0052317647516093848323
-0.22559572294523361213
0.04189711871993699599
0.0125213949739930476
-0.18666187063985476002
-0.066353174861667085782
0.0012908514251133093326
0.0054745196375894358484
0.0066903275850367259145
-0.071786464385783607667
0.067916422057933800716
0.083655807628991690761
0.093845360322172236001
0.021403220554102448531
0.0071264549098939622071
0.0090616935889452441405
0.056208183290101257357
0.002766988169102748904
0.0075651987525267774121
0.054179130012309908992
0.015287945259589364594
0.017823572628866333339
0.049594941513103403541
0.060996952137879825728
-0.0036962672389035302473
-0.0040276613768970024113
0.018434042182810805866
-0.0067755658803047100897
-0.014131814318130590802
-0.017053731270967393413
0.01847409310300921273
0.0022841658805626188083
0.033763168198901329087
-0.086532932232313022891
-0.019262211840992270184
-0.090886465711927738598
0.083907224189720047702
0.022131040410173333927
0.11321087764467095693
-0.02545027795023626152
0.20004112622518913089
0.15868743001866048026
0.1478702905358401376
0.080863285265851986283
0.019092240465323390836
-0.0037798717289916805746
-0.0032761603572132973194
0.057540708103172411025
0.016090095011230591548
0.046987287619468992572
0.0061106125957534488183
-0.0059792216660386103902
-0.027903983122976074027
-0.0087936717740697851325
0.047374636526320776375
-0.015625433015799671671
-0.023941577851698207097
-0.034640971773170631254
-0.014886596717885952276
0.023746396101262157857
-0.0075681475936006312177
0.0010941249180985875272
-0.02797832628797859017
-0.00046826789093300382567
-0.049200361496378089421
-0.043972661213645965195
-0.30304458683111423767
-0.05752745472144194655
-0.094053448082824023246
0.10303059716723515782
-0.19907757417115978793
-0.074024725497795818008
-0.12926843616104044532
-0.063501895343351252854
-0.0072153897984045724939
0.075232436180883197063
-0.14888483714410422065
-0.054480515846081808973
0.0033918617291386031487
-0.044957109653993632126
-0.030590741322687495934
-0.0018261275612951556255
0.046427030929894350098
-0.0059812119389719932069
-0.031133473336078253818
-0.008809210681533610407
-0.034689547067778651879
0.0029965193097009896854
0.0075197263762528422648
-0.009154000356406111899
-0.018807312738229945565
0.0067336976650843715503
-0.029802822861781687325
-0.014020097071034619621
0.023454514307984147825
-0.14892579638566133537
0.13224097568007023296
0.035894788780628975045
0.045585678134806746631
-0.089879933431327121984
0.0051941841481161817734
0.081148925485800577073
0.056907481011784395719
0.017767888206239087351
0.0047463962449492509352
-0.037678971637029455566
-0.056518025371398376844
0.046978366740754923248
0.011772277761345647379
0.00042924537558871103931
-0.001227207987432595666
0.0042259813825453575523
-0.011738370224509849654
-0.045177711436860619465
0.010389592653209689041
0.011085352457163492532
-0.012863428340635165575
-0.0013479334316659561787
0.005488132000704438844
0.0071821610303258644897
-0.0030406251273359463996
-0.0024481042295541868489
0.080418084113791546419
-0.0009555430476969933775
0.13275250437519173219
-0.026262384365466934222
0.19079860443595311748
0.055002263837058328055
0.061826214713455535099
-0.17574467532787210744
0.061198131680253245457
0.10192017504506704906
0.0094486565498822713827
0.040869170214971904664
-0.016924924390325831597
-0.09947208675424830393
-0.064844636673880351463
0.01389010796877698968
0.0025327352092266537317
0.017924231941169342652
-0.0023315021471472735862
-0.011762324403320853494
-0.043360326879296071101
-0.023406159807933972494
0.020863906577768466521
0.011841131048009734608
-0.053476443586196686919
-0.0071562394069470663255
-0.0075155597773418495247
0.042767268896245928811
-0.010143989494537982571
0.0083750190611179484157
-0.01447109048383899213
0.069450607456635615744
-0.09398161434349172616
0.20020444040251622608
0.21156466667703682782
-0.038204830840859550778
0.032398419304354372783
0.10179859465057006229
0.08605456913314175893
0.018440445082586239683
0.088952347113046836835
0.0099918905541187819086
-0.024828369611266942751
-0.0035169774684257696512
0.028848549906526396724
0.022603582774491787211
-0.0056121288297718485358
0.0020864333064087052169
-0.065043751826019360895
-0.01569983327848414531
-0.0053159190615896245724
0.0048852680919733914786
0.0011269429609129084056
-0.017137561834949615464
-0.029173022295447659236
0.0017192124621930474169
-0.017789086833986271496
0.00041343739797014707714
-0.013120425000210765229
0.010572878729934908487
0.080421711095144718384
-0.11150147878955418701
-0.0068854274786272389244
-0.058294793175657430573
0.11291400502224110958
0.048078146794861921498
0.057740695807613984236
0.026704293242306387235
0.14612135277824958579
0.028402667157439446394
0.041829823579257303934
0.0023406339374384046298
0.0028111924315955801393
0.030476204538519791054
0.007595301528495012125
0.050439031604327361213
0.024427440677916297668
-0.047801877483152739601
-0.017994457407610651989
-0.018824331050816506955
0.037384183278122644356
-0.022019909849125118145
0.055832469749733160125
0.019786574103611846015
-0.017337883575812257364
-0.019554614674755176756
0.060039173765611554556
0.0084791117260101210584
-0.00082157545297318235362
-0.0094187405128419183359
-0.014505438930347761342
0.2219294857775020724
-0.33661002947261775553
0.052502985786878161867
0.014351763419314140721
-0.036271567949827436539
0.077783300729002649576
-0.059412038045972018208
-0.13768116318454659552
0.04336140687261364618
-0.025708993598421474996
-0.049468975725494135354
0.029580180673260472735
-0.078414758299682266185
-0.078096342118164074897
0.032648595202961955275
-0.052906355019250582428
-0.020758701134058105825
0.022101029726600981973
-0.0040803602675192418917
-0.089795659379798956068
-0.0015332142174920686001
-0.0097382422628591158026
-0.013482986748309239849
-0.023902077499226841162
-0.0067853066520326748776
-0.058085615587278226213
-0.023022758871475142856
-0.0068417690174789810853
-0.015526723482101552343
-0.19173642116475092534
0.17920748738258421295
-0.096611505030012145845
0.081756770728532490722
0.24242756465779591313
0.0032357746153946660705
0.085364943209931293255
-0.084510979707966435437
0.12340514783714637281
-0.060182339938696920167
-0.021928142297772280217
-0.06619547789955901318
-0.0056405185402719250354
-0.09087094216750733755
0.018956200180802056793
0.037557912274491671301
-0.076791539995631319382
-0.011494634947928803262
-0.025491401843237906921
-0.00034737581291468259048
-0.069300014296265088909
-0.010693901964693509551
-0.027999490308950509415
-0.016363651461276548099
0.0074287133565318456963
-0.00046888806600996224029
-0.094983766071969802369
-0.0030252843454326261256
-0.0019536535016594792219
-0.0094911141498804814376
0.079254029349624999234
-0.13808001981008422021
-0.11029803387786910052
-0.084531766297392049725
-0.19339850599447458435
-0.12442229093203402424
-0.30303636643667725137
0.083094472008078651415
-0.23776929790514714225
-0.022107263239946758904
-0.12497019303200869456
0.00086752222094422148848
-0.0048202738600399835933
0.089091281593222548807
-0.13706632984654010254
-0.18387781285014678789
-0.070414745265003839125
-0.047782804797938470409
-0.026851388443946633267
-0.037155854395908551047
0.12750108479038582687
-0.034388824357343458771
-0.024060786801068479585
0.054388259221233511975
-0.0069665297697453412024
0.01608806492657522888
0.062828251876198476511
0.039863834684938537212
-0.031247303371788295173
-0.0038991565662085392319
-0.62689493036024634964
-0.14008067165505513896
-1.0371959143540441239
0.4372767067724462331
0.049765291899532125564
0.39703843110046022069
-0.078586334490545889375
-0.1067518599540851626
0.036171451810848825881
0.20398183912115713801
0.011492758235512689699
0.11523987034091143222
0.34700189547652998678
0.057898246329481650729
0.67030203076444472288
0.14623492268445004161
-0.00210118158041839578
-0.0087803269532833756045
0.15720091570648389578
-0.098944792653174060137
0.22982459703830829256
-0.045288938170276037132
0.044215385464066336851
-0.082771706317142423881
0.046690725082329430362
0.014233504580456537991
-0.0041235975978263722866
0.032644402967056777853
-0.05194302717762323135
-0.036888274160754054576
-0.15925137977150433111
0.013938130561669556315
0.025479794647161491117
0.015429784266724030223
0.01360500562154489182
0.068100493919823271161
0.29854995933225414451
-0.047723554066052206735
0.30437472913124524743
-0.10441573597106604265
0.029191531173652789793
-0.10557994001218112823
0.03922454899024859637
-0.11102633356385950558
0.013520292106327916684
-0.016642077490243895738
-0.10677464838153005733
0.0052470985095202770515
-0.077138543882367044402
0.022910954292380446978
0.08984580849161717675
0.020868366927791696941
0.0090911986575836246927
-0.035335216658877365015
0.3682131345479784934
-0.035819213586007217498
-0.1528454616581136627
-0.16208729309967151444
0.049476307684341594428
0.060283110088786499847
0.017916545045207985659
0.010891045927061632562
0.0054780011782356507685
-0.027475760804757786565
0.053967804277372244393
0.048372434837492782334
-0.041131157345920640878
-0.039083793822115499295
0.22631497744829548457
0.014400022072390793182
-0.038851571987294594712
-0.17451479328320601558
-0.025894113227964688645
-0.048875843210502555036
0.37142635802086665375
0.048747547097676389993
0.0057425430930143576275
-0.13847254962632554731
-0.0052082566295472551218
0.058150954583607104842
0.027569119720426214781
-0.022138652871119272186
-0.049551819830125652666
-0.026173572978509581505
0.065066635449446852402
0.015478364680106177637
-0.18222608537269582851
0.05787585610258175195
-7.0960839449038382704e-05
0.025473705543383132893
-0.28274601201626509139
0.38390058773980700879
-1.345833700366987129
0.2294527131886623661
0.033749752379873050601
0.5799831803924361262
0.043534030465067818927
-0.052460137081013040461
0.070239842318993730985
0.063121666217079666628
0.048391215326171382882
0.075216213726197883593
0.51782822660839622486
-0.063195201594599847983
0.36150701333369578139
-0.018345812743910783205
-0.069166321258234172986
-0.18984244287627108361
-20.167186844953906899
1.3491144364352949392
15.109642687184861032
5.6388332313135629548
0.67556111831836973547
-3.0419332934352567577
-3.4376646166218032263
4.8822293440861237457
3.2073194503908792896
-1.0457818152194693351
2.5051832214071390048
-1.8808605965087605849
-0.99912367862674600349
-0.61683660302372289586
-5.305725507161196397
0.158678652735034037
1.0642187512016725304
1.2178134706692449463
4.8922114989725731249
-7.5704739948254617943
61.88435469847369319
-6.4046814463819963237
-2.5122799699157960518
31.532858959622178219
-4.7146410920888204288
-2.2568712380239741577
12.52801913912601961
1.5816575116528455158
1.5637026902899748837
-6.2051444897280605417
-0.55033716497347717755
-2.2638675436243356209
5.7040502706359657026
-0.084540121788724997831
0.94050632500175457285
-1.9353067966720640669
-0.47340121319943490041
0.25716348801450816808
0.53643702006284732509
0.66623786304815302284
0.057947566489825137748
-0.16422416055543406777
0.18965566654776255806
-0.025217367115315608705
0.58169670476009893711
-0.098461336234833329861
-0.44659299485966186261
-0.027932314715449720055
-0.35016365411213501435
0.34653890818399196716
-0.29144980317618368604
0.15493694388863388234
-0.12489520682910451588
0.1308092737901984659
0.42959465083499598359
-0.34680499113899715402
-1.0347169976848409334
0.23626799701144182708
-0.20620530454289426325
0.71918649164846470967
0.00089180155157344241906
-0.064561751274161208181
0.3823958048450327718
0.22525351506977828175
0.14263955573021463996
0.015861912531597580772
-0.64939764002812205845
-0.11360741542393537618
0.21078315055152133106
0.3201565378498889558
0.0054671375548063097863
-0.12053334739544202536
-1.4978133871607210992
5.1757094252773931942
15.687188949203003219
-4.6064746337488475803
3.0935595656197691916
7.4149624267426217372
-4.6790746967273397772
1.4257007108816570629
0.035360345636725805385
3.5011629276725440008
-0.91774134428293874244
1.5425959259571144777
-3.9829089610260450804
1.0388086751619103332
-3.2295693188800425055
1.4695012626530654654
-0.38070030409586258502
1.2570384580768227956
4.4018046152123480041
-4.9489180818303042386
7.3468828149063165611
-3.4058077437767670936
2.2148409860542397354
-7.3003659136708911603
2.1183350569100274363
2.1207047654955166749
-3.2173665152245756182
0.51114541301916549543
0.041577683632726000762
0.036781589508547554712
-1.0211513429280909548
0.66921008418023886222
-3.6120251099954301388
0.071563139891556021288
-0.37875336875340021026
-0.48941409705352501014
1.8284663700148622301
-0.63180429260374504352
-0.10044205926773343285
-0.74417261674854906506
0.17148730101963094441
-0.17146850155314999342
0.49629433866203165326
0.059061143981648571433
-0.66591949530413097058
0.20061982578762008189
0.46645518971251531681
-0.29134063732601328534
1.6704987329699172438
-0.33290036518596910486
0.29402117693258794651
-0.74000567972234831959
-0.13313602065189983348
0.067868889685238298348
0.21987669036227963648
-0.12234460702794650033
0.98636932489017314918
-0.16783166208103539319
0.17924879240750751785
-0.53677871001913624038
-0.08601978758137178438
-0.033939259286181078235
0.081892362718212013961
-0.17966232744397087062
-0.017493000590803563926
0.15987894410653330501
0.11470987299348851807
-0.024022674519799183668
-0.34109202064120058839
-0.090572616007975934038
0.03232508034166568095
0.11553442787436403461
-0.095417366840986325704
0.25518559892927150656
-0.51916496846530302278
0.0021673173671569040399
-0.069462189750107997122
0.19667320935583709751
-0.091407783228807354403
-0.0079549362392929926641
0.02862405838076961459
0.01575516320890932645
-0.11994803927459211923
0.087700346657589675625
-0.0042970501491103162833
-0.038152388762631855856
-0.25701845554337487965
0.020281261431097614284
0.051206247474005615883
0.11948571000170371548
-0.42252625601718124537
0.27197343504029847239
0.27904962208605121887
0.21839242256892493765
-0.038900548021886700856
-0.043552304360112745196
-0.011706305272720674351
-0.055171417353720580978
-0.0035127414668460091134
0.062866328410318514375
-0.035202860034178454218
-0.0058864775089112397408
-0.097750122044204773575
-0.046745623542240689885
0.26051588927537705498
0.093387356454038825126
-0.030403570252416193403
-0.12015693432776411442
0.77224137578412821448
-0.48188517949661185957
0.4422965774481188439
-0.46924258270369362256
0.11650818014302684322
-0.33011133624325150748
0.084590705025159793062
-0.10896616270830684903
-0.020717643892833141617
0.18777557581936835107
0.068641183363115074179
-0.019378302985515721141
-0.48373315113375792151
-0.072734395649297012287
-0.0095431770520896450072
0.16003353535428424537
0.020379330261673062746
-0.0034847988148009058883
2.1726232079339080627
-1.170634989876410792
-0.88704014148179100019
-0.82527068408702042301
-0.035065874491155703263
0.43119981970687176753
0.12020092356082379137
0.43580805211284850964
-0.46772475974419347455
0.052087812911140299321
-0.2639453884179139842
-0.12216220986666788406
-0.058511056155384301436
-0.17967712354081830095
0.72987496980899957411
0.27756840626999301769
0.15354394520139069691
-0.018046097195257775753
-9.0299506938122728883
0.075809391338131124072
1.1751088814773886781
-8.4474719969665823527
1.9489974749170775326
2.8783329395016679086
2.5401107770878277314
1.2473913459890342281
1.0033753098561277728
0.42670596416628175929
1.5706109504373255703
-1.829255963545072472
-1.5905062598253265627
-1.8921199106959176728
-0.10295463206168248282
0.13165470249742836084
0.54113432218064061452
-0.68711939883093364756
-5.3037250689399755288
-1.3036622465500409263
-6.135111458609168622
-1.2568175251677855542
0.04650819372386084255
-3.1198792897060769747
-0.82459951049142721224
-0.15827949029035631723
1.6661290102185850603
1.5670103047799102125
0.17395733472720692481
-1.8013939209164675503
-2.5866375512307251405
-0.13425177849154049103
2.9380827228474837298
1.0387414128359284682
0.087405943044371298134
-1.153930012101935132
-1.4259662584260879292
0.3862253266350086367
-0.77021512667893821114
0.27049539562146929228
0.076581392646197898877
0.19809849912421637064
0.19628603352765180978
0.047568435212444817872
0.31535945993990088798
-0.010702003632303697112
-0.088986161731923710261
-0.010659661511645115994
-0.083541912978456339678
-0.016283712702358395935
-0.16858107379334219544
0.064608898224768215868
0.032979218460298699578
0.089574904373956223957
-0.89258286699631239625
0.052513000671899484617
0.18324198269839503395
-0.81727008965116554329
0.10353008722535959885
-0.59076457622421785221
0.0017298933047690866292
-0.026048164276892663699
-0.2401442734515212285
-0.23932939016756527018
-0.0097424817087363672213
-0.030598122652158551288
0.48135354548430320243
-0.034908887493440288186
0.29273295103938901107
-0.16276240714553852351
-0.0024226443760827940863
-0.15572889793824945537
-2.5691565197903338813
-0.26929519806557533634
2.9290625124892386566
0.19439028097676397389
-0.3164800918584032563
3.8363743446996405595
1.6710726933852364517
-0.2235492541926415444
0.80521925011761918967
-0.61617193488035815196
0.25300939917335285578
-0.14160805123208328182
0.41135930336537496199
-0.30307079122230123902
-0.304089787158354663
-0.14882933577101886691
0.14305942883247957376
0.23173309352199827904
-20.372819010150426067
4.7224962183126661941
2.9280427812347102901
-4.9866659254938472401
-0.73249686994782337024
-2.3260159561146229734
-2.377454533736708342
-0.11746447506909443725
-0.080707249047789017538
2.5235530559352756796
-1.0041497080670280795
-1.2613816929992189841
-1.1376039180229411407
-0.29781311385725667273
0.23243665739604896237
0.58376887171029256951
-0.51611883005001735203
-0.4197443481108081853
12.850151155260171265
-2.0060628953255772444
-8.6326636254821611516
-2.7571853502732697194
0.83047297087103666424
0.13255120250216456679
2.418027643462176357
-0.25607727131283070099
-1.5291346606017961474
1.2891305402846702233
0.83627063232144316363
-1.1677626159693859087
-2.8469753966271054146
-0.46779620926109721779
1.249713947066296349
0.63940192232176928933
0.26099754879555420173
-0.24722317765362605835
-2.92559038114942771
-0.48827105536820925025
4.541168106803254112
0.13805657947735644475
0.026045629403568137938
0.7940969193499300971
1.7590918074535406568
-0.019289384083240500994
0.12196552802112137215
-1.4359214891819125359
-0.081315109721994141556
-0.46317972168642124187
1.9206292074421345006
0.13281522045453683645
0.767802859909494817
-0.73099939741547581562
-0.061147868006560558707
-0.31643058260343581711
2.9956051428842100925
-0.21986316433878097532
0.71316919035643544511
0.43430401563170550894
-0.21890597213088977546
1.0978690852041592674
-0.1237185713250351371
-0.081771335841059888949
0.13078688934326193616
0.070612070018374648028
0.092929115764451744597
-0.077072249511734511329
-0.048762978334139617242
-0.15660820854378751377
-0.022714131778498927033
0.01099992112822520407
0.078769502915776709595
0.021116081405690507317
3.6949354992023706323
-0.34168795111889177507
-3.4503448267510199443
1.9295076030137134904
-0.21521126911221818978
-1.6110108189698257863
0.28353658142114362972
-0.12325428632916483884
0.17240544359231133043
-0.11126970241359790403
0.08130709236791265615
-0.39664804597453812152
0.071246088008379906964
-0.11922844725189710169
0.78132945563117639498
-0.010655879568121804854
0.038709746751666627984
-0.30870215087770758178
-0.15508260580945090745
-1.083089870954312417
1.5804456365365573411
-1.1967892112101121693
-0.47370417954847260367
0.82976770532539767533
-0.029671503151902839379
-0.50346047551237027573
0.40895292600698429641
-0.0035321735486156134384
0.46150169322925582716
-0.34796272307356895803
0.092401124656960764714
-0.68869071971180106928
0.43929755680890436587
-0.067794372528838395264
0.2900648258526382639
-0.17937660273701738767
8.0250436188643359259
-2.9775218842340036574
-3.9829892804390718553
-1.792141674509541982
0.36440843485278051617
-1.2004513464596682226
-0.40317761396158846576
-0.71483142639806040997
0.94062029481340014847
0.31814641557341422073
-0.21733729067620705111
1.120983040772497219
-0.74513297824451774076
-0.049919428534019802401
-0.66745864095296913998
-0.035995326570130194155
-0.1594336195337544837
0.47136415288123612033
-0.070895041333223315916
-0.0057245418093108775201
-0.083363242275762597377
0.030923438600799588172
-0.0015450549415006085106
0.014478480115606179313
-0.0087050682450020011593
0.020635363540572108226
0.0045149669949865111826
0.016166002091547639757
0.013247369162436434253
-0.0036343876595347148102
0.040727827265243182753
-0.00081896663225672231088
-0.039167171980740593529
-0.041895360029365905086
-0.0081151935990795513037
-0.0080577603110303930301
0.0020533300032291850606
-0.018013010869364590172
0.020339226559037457132
0.0087628934941118875879
0.0098745871615849595965
-0.0071414286351610886672
0.0034572706189318629273
0.0026210424912988358921
-0.00087250296062046006542
0.0095034368303385952786
0.0049374676782215909387
-0.0044077553101953617642
0.0077219185265038617003
-0.0018682097984695272743
0.010292124660350088564
0.0064927253586173350186
-4.6992954056141475559e-05
-0.014665324423077091137
-0.01981906820879083056
0.015459021486413239421
0.02179694758287782988
0.013901443908852832709
0.0067636580414744398512
-0.0048400873383102806929
0.0017073147959013111434
-0.021437021807398298073
0.0040554995472549268745
0.0077959910794807938533
-0.0018853924377139619217
-0.0041792263196734060968
0.014802584922189705383
0.00177531079788848206
-0.010178629429394714032
0.029235461454775710927
0.0043363065884971033204
-0.0009164927048759609644
0.061908305073728624179
0.0053961517074838285385
-0.019595163089539419793
-0.024296020693960803521
0.0043578588188826206107
0.011534498231542728366
0.0021953533056442626516
-0.0014137672906629195329
3.0348718466959816577e-05
-0.00056951570290628432316
-0.0015130096716029625345
-0.000426996125887237391
-0.02369817945821893479
-0.0037611573793607058248
0.023916262655691949285
-0.030638727965715449597
0.00016513490756176854341
0.012322990722599182559
-0.006432244284523209836
0.013154679173412460458
0.027965020132873393
0.0072215196842548108266
0.0033155841418214264567
-0.0029453192052322006537
-0.00095960227370170880432
-0.0021593373714728233102
0.0038460525681319533524
-0.003641471199178467847
0.0085974783415372919154
-0.0018296356719191056699
-0.011929568574141999338
0.00084837233580355392391
-0.00098273728062525200593
-0.010017537163681328877
0.00045795076995883821471
0.0035982064799161030122
0.049520875966376963484
0.023976844752850449277
-0.091474736730088879177
-0.0012724904650584416624
0.0014092415591207803696
0.057311965232502058709
0.010881467019976042224
0.017132992601476864508
0.001959943560694026813
-0.0091481137578063587146
0.0012463922919079778538
0.0038457875533491107066
-0.024798633191643281587
-0.00052874988841685593988
-1.2381865238134802211e-05
-0.0065103823387325674907
0.0022875396432486577898
0.026174365124392997423
0.61377140508265304319
0.21694344283018376918
0.22407078434625235519
-0.21119727944622113114
0.17910997251539428898
0.59671466560762331799
0.32624444661240759036
-0.5069338422893381324
0.14039567005764666541
0.40406634812813801982
-0.25082660397380546202
-0.20360445933464621504
-0.2108656268983609694
-0.075634213873058672717
1.2714754360425362112
0.14189780726682302281
-0.065649586847360913433
-0.4233362449449857845
-18.67087110034914943
0.79904451813816490535
-2.151384623241952454
-5.1279510459888228979
0.23886610978708081032
-1.9606749448940550273
0.6673492399051436097
0.24219634907081638575
-1.3918215971954110977
-0.33985851580230946878
-0.1707971772108256292
0.71465609885277492364
0.55073793743398569145
0.26507840394137327511
-0.73695796487503384409
-0.11043917118054590032
-0.10360160356331919729
0.24199757054502560316
0.37716349299928519923
0.13104287466932834638
-0.096763829737849790802
-0.12237122397081656722
0.051480193784960853742
0.031000129870023724471
0.022739350478422317575
-0.018008502718867822057
-0.063520399848958228328
-0.054589414331696471672
-0.0031517828282221823505
-0.013699318493842050845
0.14257677121428435907
-0.00015110031492012989058
0.045872905078021733449
-0.03199602762196071537
-0.0027391038903447520285
-0.023607666822356983966
0.023165337271905842714
-0.10975185538449175326
0.013926811614025006933
-0.011190639894156169734
0.025091322542384126432
0.01509328316509453774
0.022843124384843822849
-0.043206605349198172472
0.044277288990201522922
0.03355166097888265947
0.019552114269165910693
0.0098349483471284332436
-0.00076148334348968610332
-0.018019140785118816644
-0.011443167561422737041
-0.03146422745165302487
0.011888618207700919066
0.034152891342382855899
10.198989829737525881
-0.59845483584202552318
9.1808546894646507752
3.8671696856253783281
-0.54610151599680556433
3.0249571017586704968
0.47210068039538571893
-0.23235714543060800863
-0.12761538194403257429
-0.31523718678299827989
0.13428984109440650352
-0.18651316539202625333
0.16414576620516610483
-0.17321588524409203824
0.24840344767291874795
-0.078856290975598541948
0.065189175053650447178
-0.11380503170527876688
-0.40235426512048833025
0.54743263885570792038
-1.2758350142757788337
-0.038362121413690573879
0.16156417225045463515
-0.03413764016831043191
0.04639356805241146714
-0.064362138644071878457
-0.30412030577155069189
-0.10821663258001036623
-0.10434929774493270638
0.26433478583456448963
0.11626325212941625298
0.075757382351171742574
0.46080603230064814957
-0.0059357845910497459771
-0.029380567333875527714
-0.0065483010469068181347
0.29960476077682030027
-0.14340662725035543956
-0.19843514112113205816
-0.13393388388072960393
0.036496625281408019703
0.10999367476054719428
0.046105967658539442899
-0.012994026918385942482
-0.11233966559264976781
-0.00033812667083885685751
-0.011742214937547927264
-0.021775740538464580243
0.10939693846077463979
-0.0060366236090033040251
0.23710145833971646434
-0.05634131438450107332
0.01981586986920284843
-0.071996512186381686482
-0.017618102910683608453
0.024125167856303926517
-0.061983972211796280194
-0.0033490162408180449913
0.0038245222228713879158
0.018804782971502429639
-0.015706555190905063107
-0.0049555705439509999816
-0.0059179415424966980847
-0.0173889524396947312
-0.00076942967216323237666
0.013847125817154300881
0.083467704218248769954
0.0036033971169350379783
-0.012983918567342555422
-0.022439539977846850033
0.00089378049465006781122
0.0075323572732940869551
0.10239752565755190494
0.0071119997047533268023
-0.061140671977250503344
-0.03844752927427623479
-0.012469818749277829587
0.019121901087392423335
-0.0039175979602332176854
-0.020414093852382290961
0.0054919400359270597808
-0.0063650374220373907505
0.0069550449484641879011
0.015001822877344290694
-0.012263025038112924589
0.006483964642496634935
-0.032095410148682480822
0.0082729205456258687185
-0.0078402874027659174433
0.012327923372893271128
-0.075537865709963861183
0.022380833242492945145
0.043545796072868243887
0.029658832138912967491
-0.00072654221830539583889
-0.00048407994380055149007
0.0036963158033755227211
-0.0064576937243910311273
-0.012592517158591708462
0.00080772237622996122339
-0.00040437537438390978211
-0.0019013348530180300931
-0.0075211168986463539446
0.0066797570789689933793
0.0083136506647149260169
-0.0088865533310511345827
0.0031598182457534770319
0.0062450940129487979291
-0.051750075026778981357
-0.061533671717614736585
-0.0062039029710490387753
-0.0026099805329561471222
-0.0046026753047849425921
-0.01665349098036283601
0.0043803888723776274183
0.0034700028242160970912
-0.0039414259220781483473
0.02051443132731964325
-0.0029477819063094662898
-0.0037170790229338226789
-0.015808828904983064645
0.0044152425818202532121
-0.0020573975790432229641
0.01130972822541256341
0.001550176865862938104
0.0027939950217082563586
0.089488192411967940054
-0.084492617963206118059
-0.13125282719711661716
-0.033314687734209244563
-0.0053385532320237953641
0.054772808965110608703
-0.0040805315701991041674
-0.030365238762175863346
-0.043706776910157396632
0.027170517612781937972
0.076937726033562678363
-0.0072741919606004101437
0.073716213460306448391
-0.016390618394511648204
0.087275092767849768438
-0.03339927300916623043
-0.0013428475730720586517
-0.068346242254142694494
-4.6238189738099864101
0.50851861578876789149
0.43389192688489819361
-0.16440356607475256623
-0.13270221263829423686
0.42869550422083235741
-0.041106755400183082882
-0.16432072369897773867
0.22733986143424780857
0.28020875741224854361
-0.21496580142508459055
-0.073720509835265277121
-0.34534426449893701472
0.13584716348372868899
0.38313408073042393154
0.24978111171798644818
-0.046939008147370689383
-0.062258268564680224744
-0.054184029338684061572
0.19574457833364206083
-1.7205499748584789366
-0.21449140791618326318
-0.0018789791384168175268
-0.24421272348139380637
0.00094095108899738680915
0.029539342937174577208
-0.13259962891497883986
-0.13341706388946730777
-0.018832301518877259811
0.19659287384916332431
0.2667020727492638299
0.019905585388137914116
-0.31797103381925184706
-0.10881942769439734153
-0.0095942634994253973152
0.1365533737552027671
-0.048518650286369098545
-0.02368373101319281443
-0.21154217874278896661
0.0026010183475361917452
-0.020734535034347672394
0.0292477149470787047
0.024294275910374685951
-0.012218776545843574102
0.03091230214871048057
0.0066444436676210607423
0.012093766116390082185
-0.00024905221679310889614
-0.029353385860775942778
0.00023954988376874983887
-0.0042118470098199724261
0.012713483806050879937
-0.0038556469923718000858
0.0045765120686689936963
-0.12117887708596583596
0.047338116287098247481
-0.28540155934931155102
-0.051090095784208436336
-0.017589966694028787847
0.0041475332350701023948
-0.042411571375647029447
-0.0049426119226453077773
0.0225127771835401079
0.012813472071760834484
-0.009820214813578845639
0.02491625029746572656
-0.010149252322814597202
0.0071553030257166683886
-0.067830270818878782291
-0.0035968714643602947567
-0.0022743086048018388776
0.036257202519032763477
-0.03075159853261192483
-0.0095841786696495793324
1.5078232965222266859
-0.056699403792655700407
0.045354827708045192258
0.3989109632821551954
-0.088292105197181836029
0.024707009415951653591
0.12967794711556057674
-0.009900348625328460675
-0.031378123988517789278
-0.11014219216016379876
0.062539579945040751907
0.043461151935832782744
0.15033237005613539483
-0.020164730855653820868
-0.019500864475011547156
-0.06988807767137268645
-1.0362051006242687379
-0.56717672605492164273
0.50506813266412808883
-1.3046749436675109113
0.077011815564917152077
-0.050784492179479896745
-0.42733694282662643138
-0.030507577058764900196
-0.026002708821383391236
0.11039228958022798133
0.11558964296671063454
-0.067245282599645822552
-0.2252213693219167201
-0.023195730823563059236
0.48737751860865119458
0.065651846971372981865
0.066371103695558236746
-0.17589206238167315322
-1.6917007185001333713
0.12009632478075031592
0.65482629504666811648
0.88371387074221341429
-0.022014239412763411674
-0.64981705304013703817
0.050441629458988411494
0.01036317426901114773
0.020648118106583561449
0.21935990105766148273
-0.081673199882261959814
-0.12308852733325652273
-0.42117953530154611519
0.029257179201293601056
0.45239650423428218184
0.24903293347113808487
-0.024523986531624901442
-0.22337328350692967072
0.50401333495853695155
0.058177437092365141824
0.40389202990945421989
0.013679029817170791639
-0.014128674223829419329
0.39004797314775707662
-0.2667003524172096296
0.0040980627229594340441
0.064158842303546445573
0.22485468361074487098
0.017977587167647933464
0.032443269071232551382
-0.3048104417059833704
-0.022058893502557738037
-0.095344216515461627237
0.11509334346444467789
0.01075989427031443478
0.041465147408528003903
-1.5208262813455688534
0.010917026905655477509
0.061239587984254682806
-0.35415598803786840776
0.010612919051333121953
-0.073347274519342420263
0.034100523628434256662
0.0019166378300510525292
0.013664772119610292533
0.0016672831426729065648
-0.0040309403733652243718
-0.0031122686742857028595
-0.014863486280849703275
0.01019159671024718293
0.015074943824126697811
0.011791580426501141118
-0.0058511325038580093427
-0.0069787151815603474039
0.33710617706553841488
0.10402126438519702922
-0.50967574553588834707
-0.023043816332482085218
0.053197279016069624891
-0.14368400174930198721
-0.042383831955127938829
0.026875044906948298423
-0.069065789650549117007
-0.010508235557609072949
-0.025143406412336775924
0.087535758959001133683
0.029769143981377015756
0.029908289408177763519
-0.13864270543707565841
-0.016863230658529973494
-0.011228837307339502999
0.056232309768523149052
0.53071939648909682852
0.15786010759796076375
0.41376348349772051893
0.32976002280193633664
0.058344513817311614845
0.23213695674640794087
-0.0044696670272593268247
0.068069941142501935727
0.041530181922000267147
-0.0054782964271047427524
-0.06401814245614020904
-0.00034410615724344531703
-0.006782263346588011943
0.09448041562649524272
-0.027458942233917399411
0.0062991137437921704972
-0.039911121267639196319
0.013241576092960524388
0.013999120173137653833
0.29981836452899968126
-1.3915029200673163512
0.30440497641086622371
0.015049175034326156206
0.013855840747565812549
-0.062057438045424490047
0.08410970428968633783
0.083499121289573152715
-0.01983017351564745831
0.026489730672317270826
0.12420649604850166059
0.087870342129821032984
-0.01330135891088832234
-0.37675918822286563747
-0.0094754952094770004273
0.021907464766369195291
0.15626052997156675284
0.04411145200172768982
-0.0037578172722103901811
-0.03831176860245882887
-0.019336969953669909394
-0.00038980662705714169951
0.015691464588837751581
0.0024264935572572746657
0.0035065744549102203197
-0.0050852498660738446046
-0.00095184508731260321097
0.0051601252451957853318
-0.0035173677968282140646
-0.01409312754840228582
0.0021700089456274176958
-0.0035005710793490000914
0.0029682460997060939809
0.001538370433614120146
0.0059922552221440003942
0.023866192364975787055
0.0025802249443705555995
0.027529331011734659018
-0.0057498074897349808754
3.924990268851160925e-05
-0.0037188834892067693626
-0.00011168990867199776078
-0.0024562084201133946824
0.0027314883116309777653
-0.0035511176773788109308
-0.0037335391351743874369
-0.0015148055667957042655
0.0047497076565022316313
-0.0018796588821380732885
-0.0045490826730020137922
-0.0015225726358322525487
0.0003614548581936335471
0.00035768163633334050522
0.075841950431690244305
0.025318947455119648199
0.011003438457815113011
-0.0016453649127223743138
0.0030730503343754252653
0.0032493676137629072184
-0.012236574092917330142
-0.0092048623996073986736
0.0037104965317097866363
-0.002800611200789469412
-0.0037284492578496305354
0.0041705036291819737662
0.0054172386125292439074
-0.0044291963148002655437
-0.0038539906398331684988
0.00012939125032937324631
0.0019608008399629403042
0.0029427301463060052435
-0.070073670749285582593
-0.010873661745211144272
0.0056336656461024028561
0.032886558200214840997
0.0010164771839121858332
0.030817305702855575522
0.026233289738327579543
0.014006600029369310062
-0.0093262683537728881256
0.023417260604815838543
0.0023412978968230988529
-0.0057917506098015946597
-0.054420472844834727466
0.005136809317815760681
0.015533339688352628544
0.018658214796819259235
-0.0024306867374606286325
-0.0050510365817270268599
0.0051886928243047485479
-0.006692908378101350593
0.023644751016332395815
0.00076234651913108610922
0.0061538879170277976938
-0.0018758254258228648347
0.0020090735438600976909
7.3307576698991290358e-05
0.0003260977271775926823
0.0019907011807986374485
0.0022756491008000347999
-0.0023228662958005184477
0.0015836040932116698943
-0.0024309834515103627937
0.0035848541496400288323
0.00028839589568641727998
0.0020249258669220318932
-0.0014924676765044500408
0.024071440636925147544
-0.0062451679055789445505
-0.0052955513239733549916
-0.0042543165673652695233
0.0026793824613872405972
0.0052239027964891575004
0.0029335974049375180064
-0.00075831305625468367962
-0.0021167622707996130993
0.0010746594528396862661
0.0024052350131590336836
-0.0024456516994504659372
0.0027049221379552468476
0.00090254085637907200106
-0.0081682448765305146893
-2.907064875574935894e-05
0.0018756628357250199491
0.0001991838939576168286
0.22016723631191972843
-0.1365576687684039725
0.085101799626618498951
-0.07057429361480804797
-0.0052403710254455828851
0.044889390488790828493
0.070396194370836356891
0.011183193207382381359
-0.037892155019461630505
0.018785663995428834167
0.0050792699486422723462
-0.079858033578229875582
-0.084903321352816640832
0.039376879653477983578
0.12839677681274805354
0.020306468447741157779
-0.013980884172821186895
-0.045413168005169070318
-2.0708366047845845337
-0.22495050467388469362
-0.054628260368436272476
-0.84604235925779269767
-0.10557640225505122988
0.30858114399843539211
-0.08989300795450802517
-0.074935882952528481971
0.35455174762902053054
0.043461402961413521384
0.047793622968821156127
-0.17537093151488572507
-0.010172994098183099979
-0.076144019720084082925
0.16986607261228581223
0.0078747941503763355803
0.030521893743172417296
-0.057834702917104151287
-1.4140352660633153103
0.086187040828751268484
-0.063253040150753558901
-0.43756762138638877202
0.031134131219985042988
-0.088911878328236493285
0.084547436243052248583
-0.004835120955294093005
-0.060008148230604782536
-0.035655092193370742371
-0.01677314160500673057
0.012267495645933768067
0.039549167483835849513
0.0027010341690495518613
0.0074998910048024967911
-0.005490923417299815347
-0.0012463435743252826611
-0.003242314895857613833
-0.019312645974952854372
-0.15869761710130655952
-1.9801335188978486102
-0.11405660745414768209
-0.073205221340150838927
-0.62993411964503487344
-0.064568308548810279812
-0.034497994695377315333
0.0066421197701393656226
0.076415617855533024549
0.047492364572636683318
-0.016842927681916454452
-0.11596233937285393978
-0.051639366497730335159
0.061398182559439178074
0.034718142761354729708
0.021022216522097073726
-0.017336885245832194674
3.4389769739035354057
0.17141838277778767563
2.8386608435631681679
1.099528689629842404
0.076094129850136249527
0.85842751122165772415
-0.10162824867117500882
0.041514691559063905679
-0.16416705813087564825
0.063042457809700816473
-0.022933232600360006076
0.12333822636578542498
-0.11056555954062391445
0.026421590636497776367
-0.19218467316424311941
0.030612264029652364039
-0.0082513174889858945105
0.066484116247035054958
-0.23311097588142501436
0.033961497351776802345
-0.074882838308748589373
0.080858585128441878842
-0.0094971462453445846391
-0.038501110677862715459
0.001762634476230302491
0.018744344103003653806
-0.020239402497232193007
0.0067952511509397324832
0.0045641913166368430418
0.021044074279875448624
0.0028266423333673188628
0.012608457272759559728
-0.086826890533546169371
0.0031767839984877172844
0.00014883773589656370921
0.032438919001525949593
-0.071242220636990247207
0.0037199248710622378512
0.1381300737406046808
0.026784735835271092363
0.0022520663863934923393
-0.05718904699669112579
-0.00623829462969441393
0.0074311435849021695299
0.0051888126274349894926
-0.0054082130456961649903
0.0081650254759384460063
-0.0015461158162266639814
-0.050971578091305223823
0.0012493982789518233174
-0.021499036451141199933
0.014867004300788203008
0.0026032478106631641405
0.0016336585091666700528
-0.015142104673988941027
-0.0076382792427376689295
0.016645661632133084556
0.0039485658771985666232
-0.0015538902391727727782
-0.015082438219398112619
0.0052947486721414849936
-0.0036258342337333422309
0.0022000028420417691577
0.011418776501752866959
-0.0018306877767748307682
-0.0031575250259597816352
-0.026058107335662827886
-0.0037054363116846059621
-0.0021219253626977856338
0.011679832176711320291
0.0013617681005615119884
-0.0020475749616536936641
-0.17413149392940011073
0.067630138226118713396
-0.15827934745231661551
-0.01160730715903015263
0.025778988911958192198
-0.019663343434444879171
0.058863862227828127327
-0.00010236593954935454978
-0.0070643670265360045124
0.0050114191217867547559
-0.013532111096062570538
0.002465882699419479334
-0.036452038474159842441
0.005171394397642202316
-0.0067632944463945866495
0.020549655777816706881
-0.0016128305814358924811
0.0043043105682300433074
-0.064221870573237457847
-0.0097477680489793210039
-0.063312560105275278444
-0.0091577345226104937825
0.0086608583954150778622
-0.05157872214173026687
0.010126491074515858379
0.010111575644069274726
-0.028889755438405117366
-0.0030292037392639133836
0.0021500603313504315466
0.017475148178448713515
-0.0016652411807628346354
0.003368481226713637873
-0.0082424116536302261676
-0.0041941179498128635869
-0.0015554900984900538706
0.0037081948275270227612
-0.016812986096174077633
-0.0098361223657841556633
-0.02678991803037416089
0.0016286020169212062341
0.0071303203321848255408
-0.0054800571313926458791
0.00039185862211753210577
0.00034433077104456912606
0.012701757190084183788
-0.0083573433794819750736
0.0046431040754735695628
0.009824370296709869152
0.016862754233453694508
-0.0038421495548490443121
-0.014488044502627120749
-0.0076519178356561920809
0.0023190180098780601228
0.0083616988706036142476
-0.049095718103321306369
0.031676371124491717324
-0.025857488591071536854
0.018948699163681505253
-0.010129823051643248311
-0.00028221541077947233465
-0.0085202144188829976451
-0.002431161592189500821
0.0063259199268845033373
-0.0073352465351617561831
6.623665697395040089e-05
0.00051734197955869440453
0.00025405691329326057955
0.0044809091929120465139
-0.021710583151733676283
-0.0012687243804864187843
0.00085785956067221523936
0.0084627964593768870843
-0.030011319001633698228
-0.1148993261792898013
0.18654742449969943796
-0.11696365482385770451
0.017076008780831722356
-0.024033016306525548794
-0.0030629784986155395368
0.018619603734488024416
-0.024527709614712116248
-0.03012965273550849421
0.010216879611675730791
-7.4659623960895090769e-06
0.046964025691387238648
0.022452657967192774652
0.0046943791589692833097
-0.030832641420097259971
-0.0055724081778058022485
-0.00086334319357543945483
-0.34790325057502757833
0.022842059488843442783
-0.10053277380060579582
-0.041747426684662573837
0.023403108050188317635
-0.12037257311364832346
0.021439173465000360003
0.011862219189567368982
-0.021218913092054498409
0.025300864192962447402
-0.010659203503107474859
-0.018467652695482644765
-0.055645799184302582874
0.014356313926838918868
0.046410274985551142057
0.025448565926190200304
-0.0055299806387042044209
-0.020876131129878905401
-0.50587018822956064668
0.050705658002230140358
-1.9251664439509370563
-0.15389871528311008242
0.026291484161947258069
-0.66749726310024259934
0.045879903348389552975
0.0029783120963119812802
-0.023255238553418787484
-0.0018771284532828505336
-0.0095603354274906258981
-8.4294062810648246451e-05
-0.011195401288326134459
0.0035228614755395044368
0.027147861972683672016
0.0081824470954411972906
-0.0010331708593136004499
-0.006668071222692492292
1.7256572207748890335
-0.024184033408624006772
-1.5270508236824160697
0.52326653692896585301
-0.010693224558287618697
-0.51798321983441730776
-0.05534709710187989129
-0.010071950745677621733
0.027456900047720056435
0.03925708044960134202
0.0090585932279663924915
-0.025045197304810005307
-0.070864800785341117151
-0.014869677115075566678
0.05692936449700800039
0.019888832990181501414
0.0056820819689537135563
-0.018887897538186208118
0.29304295601080443401
0.015663387241390179516
0.56257357545394470755
0.095784202618101860205
0.011451610072516304681
0.28548259367572231815
0.022249956718409368006
0.0041151124263211907861
0.024720658192903081918
-0.026400435082184578461
0.00054042320124285479072
0.020572750598165583796
0.037198322290690678804
0.00075974982295786807739
-0.05214895193709968152
-0.016549142637196742611
0.00049687611481772503419
0.023892158516694732284
-0.0997211619467904542
0.028203839585448892135
-0.45104804857373143046
-0.15431857852565650235
1.0593406893323566157e-05
0.074264398652605256856
-0.059321922276268722329
0.01002868049994023493
0.057304427573257328554
0.0042087386329869441726
0.0010891234562161529638
0.013542672990690465817
0.028442286239548482396
0.0097998147527121708122
-0.071871512576956189666
-0.012327870715488213268
-0.00029840934540482368879
0.034856322756921895301
0.33960703617690563005
0.030083235545387141535
-0.409398665795877581
-0.085897660747148482652
-0.0086024543715949829126
0.042487336142112003268
-0.09624712423081399626
0.010482343667197500242
0.063247356709831267785
-0.075011185991209802792
-0.0049754704618182096082
0.039429708856193755595
0.17073771438285184621
0.010869458880769209547
-0.10938367885286116865
-0.076482355613484667711
-0.0033661426863366102936
0.051442637023250900596
0.50854396202751217526
0.027446644062265497521
-0.040543985134433878359
0.20412613857089378921
0.023767907644917329185
-0.10798668005203382325
0.045015264620493197767
0.010329378709299596659
-0.064231644891503139605
-0.033871666700180491638
-0.010863920092743537676
0.027670572424736149947
0.036914945052758461885
0.013638464381875547993
-0.020876635631585146319
-0.01522943013927651433
-0.0056732962781501682439
0.0059272228227101771136
0.35819788290411508358
0.00073930995470106002088
-0.15894371344206109642
0.082653751912194817209
0.00048496330386144765288
-0.055969282307513461283
-0.033468182163396330286
-0.0024737002792304149494
-0.018708809467490379597
0.036476290048438386737
0.00022462070143397879938
0.016739142579185392612
-0.055836373453411504431
-0.0018009124535513952245
-0.02227847897302213595
0.021224489287508151864
0.00086986330488176004556
0.0089838635651260413673
-0.53632366124814634389
0.017001462862627075845
0.45202398277374034041
-0.16821598806746615451
0.0019793096268417281064
0.14501451897262532253
0.0055222677051279074265
0.0036563499829932251568
-0.0095048022362950162351
-0.012262731312568444023
-0.0040121286526184404136
0.0086107245918872390295
0.023176341291203220868
0.0048541129854163733368
-0.018280130430195617314
-0.0085035915595034188702
-0.0022490528756823184066
0.0062929899621145509239
0.47490338877905757808
-0.040124900383251456415
0.1816349276724116002
0.11187034804799864118
-0.016230103677331741974
0.088194491204127853368
-0.028482115637850125706
-0.011497614247253781436
0.030070936383999664898
0.0075575045472386576453
0.011719164633741858267
-0.01399130993005915681
-0.003827816912037318442
-0.014669271088007224124
0.012918725526967865871
-0.0008408876817972109341
0.0062758096991646023302
-0.0045281809915921327619
-0.015931823348302929372
0.021637461951404004384
0.069189052892421692986
0.0314292571518252975
0.0067196574092080359197
-0.099096781613998999316
0.014381496682345226018
0.0040954242230890067558
-0.043301653942843992828
0.0046723179745133975455
-0.0061954751310995563249
-0.041984332884425344667
-0.013664011043303480805
0.011028826027211656793
0.084766498792813338437
0.0075472666140667015247
-0.0033296452042254265011
-0.039363239355000023689
0.007810631831277171401
-0.0023713290455336117485
5.3334861427024616307e-05
-0.0055882436739802324177
0.0011261598107727363322
0.0016094952143176624246
0.0019674984928862897585
-0.0021218058505843343485
-1.9215027136333011018e-05
0.00033493175741968205005
0.0036183359500814387365
-0.0011203554223439681371
-0.0069497835108770248877
0.00045120526531703915914
0.0031247941929907260133
0.000949297313785047738
-0.00014515174223526171684
-0.0013094087351936951717
-0.019383567732571702069
-0.0012986774079464585493
0.010220017580356054523
0.002214975256057368988
0.0010716997500874053412
-0.00459362569555419719
-0.001439166975362531813
0.0023537429080938711799
0.00086585163468894674535
-0.0012685963961369516734
0.00069250128877260434205
0.00011999443278726260108
0.0036378653264716284861
-0.00040126404015529274546
0.00038886278929321484383
-0.0014779028352728414662
0.00013798485168709518343
-0.00087229843026122657907
-0.063910745327143553274
0.0027743261164791710623
0.1327982522295418355
-0.054889663960381668284
-0.0054087084835889587264
0.095901135126311792822
-0.049125534542349032219
-0.00032404954188008282473
0.051765660846406186257
0.015814512451521708231
-0.0005091317596842792571
-0.024099784953946160743
-0.0071811137252647469498
0.0010929652728749147169
0.022138814544676938684
0.0024088416123475213208
-0.00062451232278184934475
-0.007248020600682848931
-0.55696387689673743093
-0.0024902726048154555025
-0.22069735048263780519
-0.19056539132651498236
-0.015933918217767593928
-0.067461767557755764058
0.0045212125180573610461
-0.0054153623473483809142
-0.036621227022380943572
0.0044399264340757521943
0.0073999901983328644078
0.023745787537938732592
-0.007581018133432424963
-0.0099667420933949937845
-0.029154165111787241904
0.0029229845235001629226
0.004644458483378480218
0.012502584865386474899
-0.0093397181932212865185
0.0011620627894786217469
-0.0040148563639691731836
-0.0012733471484967433078
-0.0034148171010489466667
0.0023077070941595182775
-0.0018926362332298458675
0.00015412960452684508765
-0.00089041345536594010586
0.00054805363033805861057
-0.00081001582080359423033
0.0010471338559654441453
-0.0011413214415064213119
0.00051445749268293097627
-0.0027149151306570949889
0.00045598047806631167083
-0.00039469420447448683425
0.0011319376108298517206
-0.00019451394132358331649
0.00057785760965673187064
0.0076902072720004682749
-0.00064511077176777193148
0.00062087006331169522499
-0.00091651679520805275862
-0.00022804501661049888139
0.00018205037580177119215
0.0016832116869185940501
-3.1988337576616202853e-05
0.00010662584061358116086
0.0004671137914019874663
-0.0046497946687641235688
-0.00028747423302702927858
-0.0011935970437580525373
0.0017056219433891353036
-1.0853069726118776874e-05
0.0011741200158416624684
0.23559399342405623612
0.039863251895496894239
-0.09386805996425640064
-0.065806106807356171129
0.025297193889660510996
0.0053694621539734713189
-0.022528052440846643711
0.0029151144009550342649
0.001404924917670515418
-0.031008230092287706464
-0.001359582873599501137
-0.0089671513436885754572
0.056938654920861316022
0.0038309244996585722041
0.020269460488735534243
-0.029871605209520816354
2.6120839441507750605e-05
-0.0070307710677192354967
1.1468854730618609494
-0.046129212713963592407
1.1472840201319103315
0.36313595761785533167
-0.039784452602325812154
0.41714788354697357464
-0.0076585771904380990638
-0.020956833798588550555
0.017190509081613885439
-0.014987022508683995117
0.014696320544762032922
-0.0059193380968825598173
0.014464781860320680487
-0.024579885456312212944
-0.011372075230443158197
-0.0098906209451032744279
0.0099706213361685103874
0.0027128113708503342506
-0.19828390816867244584
-0.023529651635571757068
0.0098922802861516577477
-0.057601504832385165555
-0.025126805470606760479
-0.031404724502664321806
0.0051423603366819821067
-0.0094567548302899977208
-0.02744594346220192993
-0.029813108928393460689
0.0068630082609981209879
0.016005717134420959641
0.052174620357643711199
-0.0075339431457788156449
-0.010832700879439305028
-0.019465922359229767546
0.0028903423634698719932
0.0041563727616268997603
0.056298357852756809871
-0.0063212555126300083372
0.12208245352047411569
0.040407802926383233622
-0.010728624781594706464
0.10016187089672004551
0.0057492695265127522278
0.0021480067266013078142
0.024320047137005914445
-0.004738982705040186913
0.0062657864962597162317
-0.014061189693365370307
0.0050296373591484731108
-0.0037928669521282544833
0.0148410165452213718
-0.0033306456706800146965
0.0020026174943074386697
-0.004653809897181754307
0.039710135956435646531
-0.031057369034978146716
1.0289174315387958902
0.10589919306089980167
-0.015374389589106597295
0.32147774056446315472
0.053743272518421800199
-0.00713631446849122969
-0.012707359250522727231
-0.020133332355195987518
0.0070646873786352724911
0.0093420037456770251005
0.013008258878475242176
-0.0079113650328816297747
-0.021390221605217581841
-0.0020909234747792685913
0.0032770564159453163637
0.0053263255392653899647
-0.025089332351987746889
-0.0041578180742576744192
0.054307165944024557436
0.033506848810191391941
0.029964495507866006907
-0.044610478043129085657
0.031108337583692281803
0.00086043658594789102379
0.0082001269598327899274
0.0086681993374467074254
-0.0042160630000612547494
-0.011994246064974876248
-0.035547845998529496725
0.0047087639133831793448
0.032217459591399516539
0.017944936478284451847
-0.00084488652385288998212
-0.012838095815469874675
0.017068437138927975566
0.00049150546184623512911
-0.024647741862995752038
-0.0016818733519392290235
0.0012820628863678600138
0.006061401489796863773
0.00053541846169301310094
-0.0013151905076783016769
-0.0013318343998328905937
0.0022415571834039156769
0.0044035878101104973872
0.0028898618607222214399
-0.0077376461084882218119
0.00040263351686788351408
-0.0017171280107526785356
0.0014965818649258779641
-0.00019163345540524845075
0.0017896281234102762777
0.026147121972736109274
-0.00046048110977189068548
-0.013783345358246405429
0.022440029303458501608
-0.00043494898645510108627
0.0097901980922056753426
0.0034404971440924604457
0.0013384156070177012123
0.0089288948075816002709
0.00077611620093543125156
-0.00045262354047262231107
0.0015019004420267221059
-0.0032631704684476917945
-0.00012934130811816373519
-0.0073672675742201586616
0.0012055376280207135732
-0.00010250883473939502574
0.0033663809548058667293
-0.077945584538469087077
-0.011295684515638114084
0.044166558751026256668
0.0095655631004490735553
-0.010099613949642330391
-0.0062537479909435013392
0.013139403962252056701
-0.0055459510655786001948
-0.012540427071702869161
-0.0096851989857601270689
0.0025551309992942268685
0.010692198271034330376
0.014484388361632726319
-0.0035331534996835057584
-0.0077082141519636470858
-0.0032975062193187458515
0.001093879581541148862
0.0027899574330923666843
0.034716735389025470127
0.032944664539162997474
-0.13469026286771429435
-0.044547454939644924587
0.0024802923517295081927
-0.0041471239419631706138
-0.027909919319414524391
0.0062692087005548277623
-0.0068646675221249531598
-0.0066927069675837723081
-0.00031020302476434920627
0.009083758232957107534
0.020735113542312097468
0.00068826972605064693812
-0.015494910287589402573
-0.011684012273545754321
0.00022903670218318039641
0.0072906772226672897363
0.014630273126984828097
0.0077092324271814749795
-0.011925377975234420155
0.01606857830106868737
0.0052683675717733824753
-0.005073555612622315282
-0.00045293372241017013135
0.0036426176852945506106
0.0046330759225964293288
-0.0046832595633086726572
-0.0022266345249682276478
0.00086802885718069878063
0.0081035708918575019566
0.0040232454656300674356
-0.00083624719974864354741
-0.002817005025775604337
-0.0015117292372325873747
0.00068367458583361545143
0.039788607332424140439
-0.0020670861812770832851
-0.018016766604764939547
-0.010964928441361541586
0.0012213306683034404372
0.002077808343494705768
0.0033913901261227322528
0.0009693807704849160406
-0.0029051925740912801742
-0.0027381412446195389603
0.001722205911645441085
-0.0032180526365529283153
0.00095417474929812486507
-0.0018631675306083933692
0.005658991721845135249
-0.0011169836634365376896
0.00063764795301689909581
-0.0024085910298912503562
0.10426580370109297946
0.05207428995361873536
-0.01664614752849588597
0.034994693152092561095
0.022740602847897299632
0.0093497006071122899795
0.026584795871865306988
0.0090762897071287283735
0.0011387392234273974005
-0.043692017475047265074
-0.0086902667143460409632
0.0057316561634573595305
0.06254661401520054953
0.010526036069739237722
-0.010196806447400940179
-0.026300188048212536779
-0.004186661105309104694
0.0037227040700311612824
-0.011912430104687002017
0.0069070939745551653
-0.089380015008591745529
-0.008752121687904786812
0.00025738094679468332283
-0.0045017620687719216155
-0.014673641059396501027
0.00036762230041388464395
0.015940019006738127133
0.027941762416330555296
-0.00071693408873123852
-0.014710048568033862876
-0.046655351892546395587
-0.0013709750736479297401
0.020282896264687058641
0.01806961206242815865
0.00040171516448792265715
-0.0074197239941686489104
0.016050101793144925383
-0.0081168640103608403341
0.036384657174380205524
0.0084455938101578656441
-0.0022159204708232052052
-0.012104115129267793011
-0.0020923102199878478198
-0.0013075127939342354524
-0.0056880355948409223182
0.0025150945286953208663
0.0011292032336096449307
-0.0052929114586348722377
-0.0036473440539651945727
-0.0012952984274408958949
0.014789401908615064027
0.0017867828190634075895
0.00050377425924575790911
-0.0068057086478614031363
0.051771921060534721593
0.0017949536131830505156
-0.020565519580615049949
-0.008040250779707420678
-0.004563789486617462858
0.0071877758344467586327
-0.010232137123421801081
-0.00033166309263582034609
-0.00169115240396622399
-0.010368334370712689596
0.0022350989241622233432
0.0043505663408411332504
0.022045330511932637041
-0.0020667801705597618929
-0.0073987914952570038585
-0.010172612780467327198
0.0011002442307165181609
0.0034279068879583172134
0.029631240213003152972
0.032193754084597528409
0.0065416581968892667173
0.036779595946582747945
0.011788834750910670221
0.064470698346093605058
0.012238153993564780675
0.0097739611825619198554
0.045882085058398122679
-0.018986027483314123904
-0.0071728865239672791321
-0.021154455813189497471
0.027542624375969469025
0.010829946350207311084
0.018871358787297416032
-0.010380230364877861271
-0.0044716073983058334668
-0.0054381226918741223247
0.18502936980934558964
0.0092658926277867197097
-0.040877780368914491682
0.0090165687734225091754
0.016463364393523891721
-0.0037498727042701751784
-0.041498081383696781843
0.0072538084584439950497
0.016107118347729883212
0.029276142676359025868
-0.003290152423628129718
-0.015499049425397683211
-0.041089696336017951517
0.006143594215471839641
0.029718440918536405404
0.014428338255875267776
-0.0018724560353156451467
-0.010391511116662043718
-0.0056657976038000509508
-0.0080504833556829680924
0.019832669428240638082
0.027457024997404110706
0.0060649902423416746436
-0.031658595599722061387
0.012730637839012601958
-0.0026073095326391267437
0.00078463654100732066216
0.019209539582294710147
0.00066687886703439987722
-0.016059269006902750221
-0.041591535087528830328
-0.0014346533040752670624
0.032821675797814191256
0.017365474079383089179
0.00018526021793761402573
-0.014609055818674289082
-0.28683068175199238903
-0.00036759910184791619748
-0.0068175182049520976699
-0.074299712917166346737
-0.00017809068273168818458
-0.01143295136752484932
0.0062377117392838294166
-0.00082187791747896090603
-0.003596099310307585787
0.0082206355730750323152
-6.5319794880995202062e-05
0.0019816351390047680196
-0.015128376022196261125
-0.00081005617544067118427
-0.00108333923356424759
0.0073024250419483219612
0.00022481738176403497521
0.00046951567046356118204
-0.2225099910284292215
-0.012579071502464742385
-0.13307659297835824908
-0.070352637108115886888
-0.0065437568542721378032
-0.048723874572350965584
0.002157191813061765627
-0.0027391916273264232083
-0.003215303601922891389
-0.00054409158833088728212
0.0023707327324854580997
0.0025998850061833005294
0.0029632388677535443505
-0.0025044267141743226796
-0.00059343546525973081985
-0.00021248398067174762978
0.0010708972270511638025
0.00054046923990323878645
-0.099708681605497423428
0.0097805448152958919528
-0.081173579782864546672
-0.049531560519297190837
-0.0014045638160266125504
-0.020555976096497140249
-0.0055304759356354198097
0.00029275874689756739913
0.000879339709405102944
-0.0081665182259072297694
0.00020320602112636589401
-0.0039221307650236739845
0.017189948090150179022
-0.00052538883092800999722
0.0060505777956095943906
-0.0071754994360984994395
0.00039367084557096794365
-0.0023098054556463139264
0.13227390317620371651
0.027745386923948442415
0.14804873656921962999
0.035560562839321588346
0.013347436841460908613
0.076219426474208915034
-0.013944868276604295912
0.0083384797434311094116
0.011352371102450402318
0.0054086399506989386518
-0.006538960349911662924
0.0014743920342949786827
-0.0053348226751891558023
0.0085977833887233446469
-0.010309577550034657034
0.0015147674067703734407
-0.0035266814101099401915
0.0043938781891907302893
0.020758374089818253105
-0.020104685751199124349
-0.075311948267288902903
0.011826794090415279279
-0.013033728945841309421
0.012751913983299351801
0.0074537734050294192009
-0.0063615107042935504708
0.01431591840122558093
-0.002118229265566108719
0.0066092430766752216162
0.0040570127378163726994
0.00090731720594068186649
-0.0091650757190276620212
-0.014622420596186090636
-0.00017016502605354534268
0.0036795367741367939092
0.0071676770194156703628
-0.11501438693555880721
0.01804104591829442869
-0.095547157654268508042
-0.037438844235696870644
0.0082990844513520303782
-0.041729224686555349555
-0.00010769575638683885545
0.01091184152616385232
-0.027468781153814826601
-0.0037920431787299975317
-0.0026950639857369024059
0.015131107642868613788
0.010300961607228669228
0.0090614379971385144302
-0.019036725228389433234
-0.0043560330712405963619
-0.003588126238369742857
0.0070907722080593869537
0.0043474087123650034456
0.00082460740662881871176
-0.0090301139091485162214
-0.016692679162481155464
0.00044666609119295251759
-0.0049870526913194553054
-0.0081461029882367169686
-0.00048945747024750673251
0.00098361870521025251274
-0.0003073946683283300201
-0.00063796459956395716335
-0.0010205759934044220019
0.0037269081782540288555
-0.00015044839212133127534
0.00098019546019968858096
-0.0017347583397000153858
5.3562328634920457931e-05
-0.0005633204191708109836
-0.0022883176219904836392
0.009140427103402919487
-0.01154045393350872778
-0.00033470351813269359374
0.0069335868996534414169
-0.0019181124227790429231
0.0035351949793375157804
0.0014548322901619384004
0.0023746170417062949752
-0.0022849185765938416146
-0.0020343694936908844617
0.0025020717214237642861
0.0025389449745441125192
0.0011240654178082552708
-0.004543180765904489965
-0.000812578392806074341
-0.00043650411796740195376
0.0018822383855714901538
-0.027060319035979257113
0.0056366574649432520799
0.016376171929403358224
0.0031412146064077228931
0.0036739660939041338984
-0.011632868656880080913
0.0020510857928433953376
0.0041643513411501777155
-0.0075327270886091229896
0.0036044033227184300514
-0.0016372640418686778326
-0.0055322866918755030444
-0.0067169803810704590413
0.0035745374788483013154
0.013645558309624447949
0.0024478284609143145106
-0.0015901703581426510775
-0.005817554413012088893
0.0063122102403903833368
0.0026742083495916750199
0.0086363829920937332935
-0.0027906491282730667286
0.003574230403562199572
-0.0092463713092966973855
-0.0019252816104835168611
0.0013300165892719153886
-0.0056982207173529855412
3.6305930505749104905e-06
0.00072890097529102219551
7.5094468145458470837e-05
0.0009835085478440269962
-0.0006201913865616143955
0.0025471920310232466778
-0.0009015209179276145084
0.0004639575311593703154
-0.0015937872365890349766
-9.6572960685066362236e-06
0.002521124853441103833
0.099292964102141653693
-0.00056751840893438248743
0.0079611588908538657994
-0.010813657005164402716
0.0056880374739363068204
0.00030132072086941266015
-0.016566562044828259115
-0.0033680495102976467162
-0.0024219087911134104182
0.0028458428812775031329
0.0049280050564181410513
0.0016378266714225258628
0.0025355073747407603363
-0.0015549937283695987496
-0.00077864230874207657207
-0.0022958460539608863647
0.57261324331507668095
-0.0029354600090469684485
0.29327146837928325107
0.27271241756062064576
-0.0092728926017577144314
0.11146554533045617552
0.055780641408780133605
0.0050601567530872866574
-0.045432368778973317158
-0.033408771451622479298
0.0057913132195038232938
0.04754428388980731085
0.029592565847084806308
0.0016748464471610779308
-0.079741971569032676914
-0.012048533153098768197
2.6344862393473738135e-05
0.031499912051584193218
-1.2286376210041509704
-0.0032621664755694739293
0.41085495875172006741
-0.45608829052463628617
0.0022062418844913463285
0.092362371296336939763
-0.014222263037175417871
-1.2468563893473879922e-05
-0.039697087751678836187
0.00819477539214740619
-0.0011100434473721202625
0.016143408700545307244
0.0063959520551733267321
0.001732933940527805897
-0.016983120998177055755
-0.00011068532002552031353
-0.0009238505407618529796
0.0039490670195211803606
-0.3437597898944079744
0.0020555550603975885487
0.19460094979612091448
-0.18057488261391402284
0.0021924382895766717817
0.05776356861215642402
-0.050397922152543010721
-0.0037542034974216344917
-0.0097912601718338349022
0.037090138599526957519
0.00035654289309623818805
0.0089166699199212176574
-0.039170809187559170461
-0.0037003513151882810178
-0.012570587546874499932
0.016047689724876020717
0.0013701268864042704526
0.0037630520394880823121
0.27221292075961533996
0.034308692411583144311
0.35034846691046628298
0.2076977953742959182
0.025318064434899482246
0.099741374374816352266
0.088713285307089301268
0.014150705792996246327
-0.013835608455737761005
-0.04665444598724962505
-0.0095501584994197221551
0.0098014588559913358445
0.04341635170010858108
0.013662345304854840375
-0.016689826830942475905
-0.016321134588572629165
-0.005335011622597092551
0.0065378882187655173661
0.64482613563170632087
-0.013420387763862439215
-0.96268293236274171676
0.1902964361813640759
-0.0100091702715441426
-0.24893065294773455975
-0.046497014951259511839
-0.0031328816018504970775
0.076517639157697464602
0.025861141473152170905
0.0050037819606120626653
-0.042637920566890148699
-0.034551241956682812728
-0.0048072869429725646404
0.056379422564833282794
0.010983201884082742505
0.0022093930396052522715
-0.017403604866505224813
0.013256636661843644587
-0.010569551450561360736
-0.25573880907058993417
0.031791699614273236096
0.00054760987946644867647
-0.17419508661632435165
0.022860745790446033304
-0.0036471704907870506826
-0.034166387122664426679
-0.018120062707818379577
-0.00012705882481071093058
0.01289252726970484611
0.023553516384068547834
-0.0013561153317934624644
-0.0094604242376699673039
-0.0080364898511515858032
0.00077102496644712342939
0.0016780286704069387587
0.042942351995392230579
0.02469973354083252956
0.060619350763723468811
0.053508322368830886495
0.015564643117217088
0.072801794579517450923
0.011935436542133900928
0.012479666133797901947
0.021700465495812792244
0.0057301289105268007895
-0.0024551188345404836508
-0.0043732940172242487295
-0.012791221166152978717
0.00853599917822265436
-0.005100871639550862667
0.0052719474472705850701
-0.0031376387149748743294
0.0030505928716260586296
0.14137255759197248084
0.018019214504555017969
0.069962632659071391505
-0.024487083864893812585
0.011105283174513881292
0.0083627362966530761901
-0.032235875424872800776
0.0044497737452565350527
-0.014720406869677004139
0.0026040559811113077326
-0.0042767448156868451831
0.0044566393541765180614
0.0075079839573314651607
0.0041280609760183696599
-0.003656364657990923521
-0.00561213392373960656
-0.0017426789983720429155
0.00041968183788531726293
0.045451425968705071179
-0.011678925194534525364
0.058035917865995295672
-0.016918756723380844881
-0.0044733171597472988143
0.0008416437874265676267
-0.011002405352318727835
-0.0067315710263535647254
0.001794128767182558452
0.0020382719161002827921
0.0030843721498938106267
-0.0098185008742484869426
-0.00049124741301715432566
-0.0072729102406840183404
0.018621922707096446453
-0.00049634813533985723977
0.0027847153894082986823
-0.0085603213227408575525
-0.017364101209697890837
-0.015245089741485192553
0.060571978183154316644
-0.0013100381375399268447
-0.0098828500821745764865
0.0073684949885956087592
0.005633767358068264737
-0.0030259761704812082432
-0.012856572065714744549
0.00022351351560569247259
0.0045553632803795231915
-0.0015751774835611833704
-0.0011503475876934762638
-0.0049898993068534375217
0.0065762610946868459497
8.2467951846470357951e-05
0.0019510961775901941063
-0.0031223124658920687648
-0.048943677052608589029
0.015371800337788826124
0.11592429192848888175
0.02223532050247637934
0.011025631433059811248
0.0076383208916282734763
0.02224603198269993129
0.0047814300512604270346
-0.0069186377523234206255
-0.0063137170730695616264
-0.0026441566582874197373
-0.0094506831092289449864
0.0035056403590624151886
0.0031508080374137267983
0.019621434286053091034
-0.00019211890824192764948
-0.0011130973967063727877
-0.0090570612951604134028
0.13541950309339575997
0.046179640573831177985
0.2757025396821242702
0.0047856613626543033704
0.030880004612928845659
0.0035778945770858151983
-0.028345967824828146447
0.010543404865496685749
-0.045446966665591906342
0.0068317841603980763651
-0.012466628837151421533
0.017059309096858286947
-0.00099033025709054588702
0.012410419317205935788
-0.013717898163138309356
-0.00041656318538607075511
-0.0049130128834445167818
0.002483631998852722355
0.61304866337006602706
0.01248440402594104201
0.1811341406600981141
0.13653295223943859305
0.011512140237031702125
0.087182668188256942643
-0.054702288175833002626
0.0096180283193893073568
0.0045422763141106355447
0.027741944401171517165
-0.001712189866889442854
0.00063422101740609015778
-0.029360765387048175235
0.0062452427302909117521
-0.0087071086861088917846
0.0077265396521261240845
-0.0022236564231690866475
0.0034208033652867006653
-0.51670100957046627421
-0.01041564675526197338
-0.041057947658870823371
-0.2328829019039534709
-0.0014132331285597826784
-0.041363914528155021344
-0.031078913034873031224
-0.0021918792906502311893
-0.019787757145419856281
0.011287477758584648843
0.0012531027568736118234
0.0080018882342477292563
0.00057130668857259265647
-0.00087480780849710142264
-0.0038165975643657513126
-0.0003476112975292192553
0.00022931904277011374909
0.00087093122280076614491
0.45736596355307734818
0.0083205069928179060945
-1.5079946894944229463
0.11095060344851434553
-0.0044093854549916624425
-0.50700154892193149969
-0.039566084071656501542
-0.0024816916529764878295
-0.0078224571957006133749
0.016129669594907927732
-0.00022149293269726336229
0.012973872461059762426
-0.018176114720473778019
-0.0016302746639515160784
-0.0012641201029815341949
0.0054350870038036890389
0.00033407730693109512991
0.0042772645138577196355
0.37047599945641079833
0.0041723805951185194071
-0.16963726950064758614
0.15528260106201080548
0.001708360853159904616
-0.028592745604992923086
0.019783575738488056589
0.0016871651599622517967
0.016607742300926722767
-0.010346782909117387822
-2.6156492835609770279e-05
-0.0031376536339764371161
0.0069857011375082612645
9.9533014964528189689e-05
-0.00067202925100038419983
-0.0034706328137516220464
0.00012004646239675717751
0.0020940391971637360886
1.2453547186377771361
-0.01502380386646203804
-0.45835756633651025815
0.40223085526159774172
-0.0066168102925116666774
-0.14386829174089507677
-0.017147845694831943819
-0.0037748429632141282906
0.017740545316317968272
0.0071890670307009959389
0.0039208719867074382295
-0.011591047549029264915
-0.020588188596576614819
-0.0045561633398506946879
0.018641537152452810483
0.0042967913081368150005
0.0021007165703380804508
-0.0057053116615719190116
0.31797148643482303632
0.0081312084926252990724
-0.44638244556465861423
0.13815930413682278588
0.0083179912070253138323
-0.17178587829230360096
0.034165520092022595711
0.00021857167541690041934
0.0050979889506794816637
-0.028152419124504154957
-0.0032543801925244033972
-0.0048502364851241517446
0.035197622008322063114
0.0016699016868508902937
0.0098708006452831956873
-0.013574931304933115367
-0.00085348922938006835208
-0.0034522288729718960537
-1.266707339514824282
0.021867204847948885915
0.98864295716663175284
-0.4027600342470630812
0.010704768217336261757
0.34008094868833521618
0.016222882971064476326
0.0074149528568075284002
-0.015997479905358852337
-0.003093916372875501683
-0.003084190691260211073
0.014681717033873871101
0.014292892444753072662
0.0063263704944754601406
-0.034264213619660865984
-0.0020271156052679411425
-0.0021861671298418392483
0.011184945829932676359
-0.25253440162324825025
-0.0023354710923846849595
0.17793486349379963873
-0.12081316700003835729
-0.002730526261146766151
0.091422149517918813166
-0.026237024176583627344
-0.002352649885965776063
0.024294865634356167111
0.017814668436267618035
0.0015048683954059904194
-0.016376796447893707254
-0.01834337968496600052
-0.0026540270928631756915
0.016584943920519852611
0.0070606241749523240489
0.0010622233645864074484
-0.0064891649316561241662
0.28583512565940155659
-0.0011204379397490389549
-0.12433554670550334142
0.097151932796474729792
-0.00012228854060796382299
-0.043028297183671043724
0.0076245141731722679626
-0.0015332508238547950391
0.0021505269672645304507
-0.0090275397149737028613
0.00099766244662511955471
-0.0036690342795973368735
0.01092147946637767042
-0.0022107937584013134975
0.009182568175805871924
-0.0049579112700370514891
0.00087309785671421333026
-0.0033184450342353759809
-0.1240475752002058174
-0.027709291771274874305
-0.11090340339619937648
-0.048267597473108880823
-0.017325588315672296735
-0.0081008149262611853919
-0.00067491792922323733984
-0.0085513883642948321923
0.014709794405972311318
0.0011908164638454751903
0.0070653997945806963632
-0.0031124142417489337846
0.00014903444384715085593
-0.0092476055545111807837
0.00013145907665488651569
1.0545507814783587481e-05
0.0036194954988256087744
0.0011700539551336359197
-0.13209541677332903298
0.0047462324544936679294
-0.59369159472912880204
-0.02012569173158149094
0.002335757880388082252
-0.19099032348919400826
0.016531128553956775384
0.0018474541863952808306
0.015048042410072143965
-0.0069416012505756300582
-0.0010501510688734302153
-0.015044292172327283427
0.0071873862908535864763
0.0018772813636451029205
0.027690610798535651715
-0.0018497939653660583261
-0.00074273230027893004726
-0.0092041087019583030238
-0.57130949114959628243
0.025524310224267144492
-0.031677427738487827502
-0.1640247207250510042
0.016237310976899458487
-0.036762284341512380115
0.011486026100329269073
0.0070782153084164170856
-0.011874193186616897183
0.0043961488706101246871
-0.0074852554177652144696
0.0035656796904808851258
-0.0063777193359376219139
0.0087646745950869641567
-0.00034315434860450217281
0.005011115651616816942
-0.0036704289752412296716
-0.0004465726080433837699
