POD_coefficients: 2870
-3120.6091105506993699
-1560.3757812551120878
-30856.56874612784668
301.85800217024564063
-209.72656925497628322
-1040.1194703121727798
-20.833139449570854396
29.033496073430324458
-1270.3760058889774882
-7.733779773106611799
16.951412597642704583
-414.55259517722447526
-0.72664198883436115217
2.8666658915330720525
139.88844446459563642
0.027141331281625970251
-0.68841720542805051597
-42.541788777655881404
0.30546801398571576946
-0.038074486666865942075
791905.51595506828744
-91227.345308692834806
17301.259113094372879
-31279.25589952662267
-3167.4313158458267026
2271.3051588699704553
250800.82419797717012
85008.384651300832047
-23367.501806900138035
-37142.147876179922605
4404.838067212704118
4663.0854950872499103
925491.57682581979316
-109647.43202214727353
-19193.373937615662726
-29312.274769936902885
-4379.6140694294035711
-5689.6452077506446585
2382567.7004758408293
-64863.98865460648085
13802.880300234257447
-26057.608535061284783
2645.8292040064343382
-1235.1717464243311042
417563.80328673316399
-9276.6797289996738982
3047.5248943744595636
-25764.994463819180964
-2563.1892341872676297
-2256.1465212214452549
-623.69923483754553217
44.555371971879502269
-11.084988561552695074
61.53165817139360172
7.5664971900106552383
-10.273941621369019117
-698.03846432244745301
-102.91143642319825346
91.128270495257751804
-8.8393384816179576546
-15.27322898304613652
-17.128544555874114508
-866.60999436291785969
52.873040506771531
34.588124504175070228
35.841354376390277992
2.4993568089058770809
8.104978046045777873
-1360.5878540832134149
19.488880425095167936
-26.474939662127308537
39.870512158626283394
-4.4119077873510450516
-0.52564890384057183503
-219.23601480754578574
11.420067959309806227
7.4002446747349051037
20.725884373393064664
2.8220225944997547884
4.9105641945795923675
30.727657408224295921
-0.09824742701087459118
-1.6910060386373750863
-8.7477335521882437774
0.75515902547683377843
2.2751882232642071102
126.53001767665014654
0.25202559997470763697
-13.858792909969707807
4.0393743007069593531
4.5254703988676157067
3.004238513034959368
64.549661839974888267
-1.1898526647442444482
-3.249090450070367897
-2.7431402776189708348
0.88568379395391449993
0.040735427634333742919
-20.430115208963023576
0.40611388819606764056
1.7584375804740610683
-1.2777098867704088647
0.62672076638412699268
0.44184564926182567923
-0.23186756339560393725
-3.7763502607437575698
-2.5352281439396127105
0.34267195350066104176
0.1469211065190709764
-0.56630257240214820769
0.30223169996111959312
0.0048061743324794804419
0.045606449833184840859
0.37446584552573169979
0.05233634397881525846
-0.25820160639442679695
-5.764921447367923335
2.3052571055834545355
1.3000987209264718292
-1.0876959964793713187
0.076386210357025793871
-0.22379692891274743927
-2.1596247944730571078
1.4688655433435791053
0.10291669401171756049
-0.74704636984790340204
-0.088231767478910594349
-0.054006249057990035611
5.8055771677595622293
0.74002887503648373535
0.4648794667375813483
-1.0229210529248844441
-0.11164940946752537065
-0.053227115864618076979
0.45799805053565079138
0.92613707176686066447
0.37738065532062659013
-0.2579568256679434235
-0.14973400531689268211
0.020666838766297431634
0.5491024709634981793
-0.025495032809954059488
-0.20319337320123534441
0.16299880800898014499
0.0033452189177893025193
0.094656427146557281516
-0.18324989006687572579
0.023528384755975809139
-0.31683764914195494677
-0.18834496369712716568
0.093082417005908343888
0.12597115403057679295
0.78549219971586281552
-0.16711031647724669535
-0.082674336952669263967
-0.3780953829838512581
0.055362907981321471396
0.12578907581291395856
-0.60595590775590035815
-0.11934600535356433559
-0.1885388651377317426
-0.15555855613786151448
0.068997304026274061672
0.041447773662291881314
-0.15919145235595524857
0.00327482996389723887
-0.02364221757433299792
-0.17060142160366706388
0.0083675924731149518149
-0.005837330472600447441
-2834228.1399586088955
-700336.10582273779437
-106676.98919449315872
95480.729680104996078
-21440.479896977638418
2696.6172605041456336
-2242.6757997051518032
565.60277369712491691
-4476.3121717121248366
-12935.145968846763935
4808.0009688550189821
-7398.3797353325726363
8452.8676638933393406
10558.683496051840848
1163.9494103170313792
797.36219941414981349
9491.6075420074848807
-7740.9062806641659336
-304018.12514264229685
118055.17325525761407
51704.327295064213104
7225.2821861325173813
-557.59511258659961186
91.275864130046585387
-684.98532812643520629
-187.40748349748594137
592.26188648460856712
493.9440783492581204
-468.72931328700389031
658.31755074187822174
539.57814036202000807
649.76917156212175541
-111.31270120872817131
-2106.0436063670863405
-1345.5444758886185355
-708.20375474938771276
-407753.45708872110117
79697.418268516048556
-16006.498623995470552
163.79503856652220861
-157.4893295360015486
-371.86611540443283275
325.76560615836882562
233.27820961496232144
352.06925411236250056
1379.4818027990543214
-29.560041193157754691
231.65542131080087529
1904.4816770791535419
7.9087204194469267193
-719.63670153154339459
420.07009967272477979
133.01127198859524015
-140.63145487968355951
-1448956.3631774559617
212373.08777901777648
-206795.33740065389429
-2122.807490451427384
-25.950859314518773147
1341.9384180504230244
3378.6078279039534209
274.22828228704901221
-633.63170018775190329
-61.462687531276621655
-67.971101401207732806
905.54598485871019875
-814.20422139421054908
-513.08695117843910793
-36.740855354563301205
1380.5710230453489658
1792.6593147924086225
999.38389566251953511
-344.13723110956271967
48913.759416139051609
30029.639158166879497
859.16610074798404639
-2.0535259017584004404
456.89069072886917411
967.77168396805086559
-103.38045916667341828
280.70806120778604509
-1218.8320248713869205
-477.94782852227268677
123.60625186012207166
-8.9792356843478255968
81.041944088095945631
-268.40488280359409146
931.95763360782211748
62.572984044355798972
72.77066865455218192
21880.370989807459409
-51991.639795370028878
-23734.911912834526447
5739.7896293366557074
240.15189278346065294
225.12237580816855598
-124.01424667502361388
-330.53142708735589395
176.91005828385164023
-1029.5422030120298587
-36.473558871332016906
23.523969850197929077
158.44627244933798238
-43.151908880207464847
-37.77871177356154675
-188.53262511399310597
424.49085927906958204
212.06679059055304037
-41163918.394468352199
-2814174.0635642502457
-1345065.3066765428521
-1628211.3784337942488
146865.72560867024004
-237781.60242011817172
268249.02886884071631
-79466.958335603630985
-56207.62302829305554
-112775.26305737184884
26542.377403034719464
44548.341451099513506
-47617.341139400101383
-71490.22597054556536
113887.87042911526805
195806.30546340270666
-41280.176873953008908
11571.668326165347025
116867577.40596373379
-10145294.928806701675
963100.12488191947341
-3300062.6958995680325
221239.74698593904031
-419721.69790125719737
-175315.88393669878133
-156018.07015481076087
-146063.66379312012577
49973.12137942044501
-129078.0057166540646
-59529.580805102414161
103360.92099438246805
49880.994797493331134
20803.25289758641884
48872.311306883209909
-19292.729221953319211
6657.6337340609088642
-2755800.7207207195461
-80847.841545994349872
32093.185950155821047
33821.733679415207007
-2842.2959023024100134
7110.6611569273709392
-11581.422217184133842
-922.10186742723840325
-3252.8053489747039748
-717.06674254980885053
4225.7671093923427179
-2264.9173281089260854
-9689.1157799177217385
-7319.0703570426094302
1611.0364862900530625
-316.37123513498715965
3266.9976404817020921
2090.1283597857482164
1192449.5912932914216
-454483.75266521237791
-257865.54075919571915
-141590.27034262174857
37013.443667084051413
-33415.508728068416531
-17398.072133942896471
-4824.4070999305158693
2262.9187399233978795
9405.3962031744140404
-611.66472151453353945
-7137.6256005530103721
49.181328225864547221
1500.9272911832708814
5565.4221231667315806
2815.9741941270490315
5001.9636763659163989
268.6260275508069526
-2283523.6268979362212
146002.63954513680073
-92697.357758678714163
5799.1423992044437909
-13588.971531455774311
4850.7467371242973968
-17389.6325971904771
-1402.0189582297043671
-2046.1110544171556285
-6987.8253570515644242
2634.4316140932892267
416.72780321024737304
-5328.235145107218159
-2168.7311610595352249
798.4933715262872056
5324.6914867072282505
1967.7731534896524863
-524.56096610149688786
1185615.8612233162858
13980.515824130527108
-268879.42668843246065
-7145.52218855859428
7824.5076228023390286
-2188.4116924906184067
-3294.7285382875597861
2129.6952184359574858
-1824.2489979029151073
-678.17704514183435549
-367.30154530905127785
-3097.4054800423486995
2925.5416794356915489
762.51413663313019242
2282.4777516768331225
-3036.732974234431822
-144.60611412724438196
-486.53247989700304288
25248460.799764823169
1634193.6990819324274
-903382.00178529834375
-94620.976369622774655
9960.8181255703566421
-26532.300879042966699
57967.993403384309204
-6683.8002966266940348
1573.0195670861789949
-50522.198799649733701
23252.357320456369052
-13591.568269938486992
-23609.534050868638587
4434.1794800417637816
-18155.33643961429334
-1860.1197299620077956
20542.649513894317352
-17790.708504272479331
-1079791.7507466210518
123477.34327836048033
-124680.33829802174296
-14624.011197308529518
4407.5589457401538311
7509.7022849794284411
13387.371846054413254
4106.8065028928485845
-4598.8142533087439006
-8092.6260942045737465
-195.84419874905680103
5338.4821542737281561
1061.9341361259453151
717.22144540926137779
13.951877165796256364
-10095.14739264826494
208.13055487638698082
-691.39393289166446266
538346.09959178091958
101086.48917265140335
87727.335608854918974
-1691.3470101110790438
1943.3655942630925892
-4112.0670148450190027
7147.0912067545341415
-1791.32668318226888
2050.9771503540750928
-2740.9811654957820792
-423.29497258487538147
-399.84856112988893528
6270.3856374479355509
-1491.4483675391441011
-818.62773903742402126
10.44431776386541344
1229.835101913977951
362.52987564918885255
961959.75410632463172
240742.82061299920315
159650.65255014196737
-5872.9417842807852139
-208.0133470992729201
293.80855728141585814
6964.6564086250791661
-1646.1760679914546017
-142.64507078268073315
-7611.4450345682789703
-338.68949855967252915
-418.19827811838342768
-147.16159324973585854
-280.19279535812648874
-434.33297913540860691
-6555.1496759856654535
687.16523036047283313
546.77877909190920036
-117682.2210585665307
104303.63929158680548
50837.81709529265936
-4391.648017510844511
965.45617050312205265
-1569.3959042009598761
1922.5943155250847667
1692.504908999634381
197.87006878673875576
-1757.8183845279852449
1075.5237873486182707
-72.484629720203301417
-1103.4653859275940704
-723.96454613038940806
-23.789626358307032206
2158.7673634324250997
598.69260561579096702
320.0768587713093325
426556.20238909334876
116703.24688115682511
-14805.53345052961231
-7127.3648283459160666
-2650.4038246995469308
-110.5259874550325776
4254.7114576388039495
-75.075487354263387374
162.91657215855903473
-1094.0858245244378395
495.30612807379873175
-665.19140925567046452
1103.3338406466154993
-511.90215992668197487
1028.1386491801815737
-623.53561101415596113
722.77436438142615316
-261.86975669049820681
17074789.253879506141
-8707742.4332001470029
1736378.8276423905045
1565025.4045004139189
101160.46019142129808
-106559.83150098711485
-606643.06154421565589
89249.184494632121641
-1849.3421806918881884
18130.507071322888805
77442.434380737453466
-63781.632110341422958
-196342.76080475660274
46997.317358364045504
-78537.109630222112173
-111107.90845536872803
98241.137409259550623
-9059.1147094671850937
-15355894.659633608535
1527816.5710220935289
-416907.23638632375514
428109.17152134544449
78783.155541152023943
2952.017053387843589
33128.155417324262089
41695.614635983154585
40946.530306549480883
30873.778486518833233
11841.068407226119234
10064.078369176628257
-15836.454447704601989
-5162.6285494900166668
-21968.552054778083402
9731.9452370754970616
-659.38375361079511094
23630.066521464654215
-2042886.3522187480703
442630.57020125520648
-317774.41405687760562
-2638.3982952272303919
-9746.1567761944188533
10413.867572563651265
7719.5285822427840685
8487.6595984059858893
-5140.581590324566605
-9201.741272938423208
3041.0410926986569393
1777.7518419511379761
593.11248113824944994
-687.70790317383375623
1385.3884570017596616
8509.0720681342590979
5447.7153160179641418
-2805.0839767161196505
-8884949.6772241611034
-252631.85653513236321
383711.1234413277125
96589.869399397168308
23122.446251479723287
-9362.2852349368386058
7537.4200324521225411
11025.999081287436638
-3162.3563736634346242
22356.207625495455432
4018.1254613330088432
4366.6894937074230256
-21060.887771460929798
-3281.9467464326908157
-239.56186844651878687
10665.819214671440932
2416.344960664185237
227.37066023725844843
262989.01181830395944
41471.314116738292796
30649.479461158443883
-8178.9526259914418915
-2270.5138286045230416
-4882.088194513846247
903.662081197042653
-826.74604692353341306
-961.52973665180388707
1701.8742297082571895
149.71552073437197805
246.04558234784346382
-2152.5846190604920594
8.1336841512073796423
285.68808479485215912
1160.7268800518800163
61.634123852864469484
-204.71412539255140928
-226314.89920420196722
186581.88414814209682
10712.464208800927736
5808.1119731601893363
-796.80453195387849519
-2453.7994646515089698
571.99321251748574468
1745.8058282564063575
350.10978550775257645
953.37775983591598106
723.20809936946932339
-518.05799748596291465
1159.4216260707919446
-209.83204924272030212
482.74482377697006541
-585.42375154964452122
78.321461086320852019
-226.44788149024330437
-41629859.257697865367
6718289.7439751094207
172222.08435364512843
-193695.40593878994696
38837.242567143191991
-119727.1112546587101
-266975.60329441790236
77479.130857557698619
3338.3359691769578603
240002.92025823632139
10377.125606497089393
941.58368735664043925
-224.13017402751037821
16294.854128020228018
-48000.424690373198246
-18219.26628560682002
-12215.811174188542282
19757.379477679907723
-1464495.1101315328851
-357410.07937555672834
-222695.72249885500059
51164.748484468487732
4087.4985839780993047
-4835.3135806171812874
-5849.6088204137713547
-13645.094346423114985
-70.077273005009288909
401.32682253323696386
-6621.5248720827748912
-2663.9809159346891647
-2897.4404372227531894
3016.7445982625881697
1398.464827306449024
-227.97673617304147342
-716.75186111844993775
40.744050121252250563
-1123420.1878619056661
-101717.03221554130141
-136807.38564256951213
11892.884229816345396
2069.4909870832902925
442.36610571364889211
19082.357506186679529
-245.9402761144038152
1146.4563540587562329
-7195.827155958282674
726.29187239310840596
71.716810068478935136
2912.2507810672705091
-129.5629227637682277
-689.1195328215170548
5124.8642867797743747
4393.8666334151539559
1870.2471336829016764
3546149.0246214964427
-123364.56186532348511
275058.07680779549992
76442.023589702468598
5386.1331609266399028
4583.5152689114629538
2804.1876752229877638
3157.0904066226612485
-4147.9208723809033472
-5784.6072383591599646
-1718.1970475751420508
921.04978592670806847
1681.0516902243425648
-907.15977032918306122
2637.9978937766645686
-15400.299901889131434
-7610.2973580654697798
-4042.8127728145536821
-554247.30309190705884
59533.849146660322731
46345.480317113710043
22805.854930976249307
-663.43287518941986036
-1602.4949011175917803
3219.3653492100834228
1328.0810041334113976
6.7995392604930176006
-1499.2777762185153279
862.79663843158721193
-143.17617580350687945
1042.5264195375498275
-394.63526971173655511
215.2012178354466414
-395.23092873690188753
238.05833968348011354
-23.667186221747769537
611685.88448321796022
131131.95259117419482
93446.901053616165882
236.41038548512946704
-2021.4039512797328371
-4317.0276198879300864
8357.9131334298072034
2375.2535553545690163
-2111.4984179312064043
-3407.3786228906428732
1583.3418550162823522
175.83712153238201381
1217.6806021821648756
-1027.2969782908032812
-123.37082866316748664
-311.12001090417345495
620.66197479797301639
90.900987939330548215
2739.7779619990351421
234.50235971472355345
-269.33261944373077768
79.680298718406319836
-3.7058396861622719953
1.9300238797192599272
-7.7496251681249983534
-3.3079809601569625244
-2.8623639568628989061
-21.568944513954246389
0.78719936593207506803
-1.4772606898704609968
-13.235082085142963138
-7.9258902557709358661
4.0006732124451165333
-3.8424369010356085319
2.2695160274037382564
5.0503466171083442049
-177.15060495055240608
62.83272248731767462
-16.113343764601825825
1.0739632414777631197
-1.7922488930610311897
0.38744129572318586341
2.5416807496070248362
0.5391677094364690781
-0.3010731671771277318
-1.5602572966884464822
-0.6451282784118286262
0.47478862651708619858
0.1982034877889151947
0.10384693388606848485
0.3444343222728369347
0.56483490254087975746
1.8726121925881435981
0.25663820134633069658
-46.63404743944469999
6.2166326796653210707
59.745672256733577399
1.6651268772241014648
-0.88048597574259668264
0.28327196975788532241
1.1005213360039827197
0.14223513580949592727
-0.095790067395107009185
-0.11271573780643549811
0.54097873615235059219
-0.41354264208335106412
1.0427992596333570674
-0.43472815197547048927
-0.43032055935028840077
-0.80550637353484522141
-0.16246420650766787985
0.07136165574433141201
100.15871193851930343
21.549597808091444762
-27.653001644926035851
5.6027351299853878075
-1.8391542250953865079
1.2960352448947967119
0.65063259680900042969
0.3642385436017620548
-1.4209882502262738413
-1.1529973603508967273
0.94794261661525092144
-0.050905335086782972642
-0.94824238872851762672
-0.31658647257389799234
-0.61906093427455788358
-3.2743609051112456676
0.021274708091594353443
0.20534479920450543489
-13.705444615074226178
7.7133846895539344146
-7.4665475406228196675
-0.19680368200132813961
-0.13079493027983743469
0.059993761052818540824
0.98645288555991061941
-0.076117880194873061006
-0.14823810781605864517
-0.51638217696967114723
0.14570339141721558307
0.19186700735118741856
-0.014704045172496156904
0.13934396235422774613
0.081487198984748085429
-1.634948048311949842
-0.2529867185425154763
0.12497765525710524681
25.188519099024215819
-11.391264457716015812
-9.6365803307708262082
1.6149677629709187077
-0.30228616646446920813
0.59523065687086751385
1.4479887420314485613
0.14141226091756936567
-0.37473443590752641974
-1.5447160399280246423
-0.059801675678231108746
0.34423407251466714429
0.34128513258601966829
0.13802837345051593987
0.31122249581929328777
-0.27368957152977968494
-0.398556569666873306
-0.14580727730438530765
24624.661449322928092
-2113.1341508295372478
1570.7137119159465328
545.83517401501239874
8.4512151569764260017
-21.678718059007572094
-346.18515908111010049
-2.7978082956230485578
-26.121942745551237408
80.296112884933108944
-1.5191186129876412814
-48.452348939094989078
-31.865725484961991754
32.735485575328119978
-33.639122058148075212
-150.88607919407292002
-6.8554220746967651223
-27.331578955377935358
-19198.481716460635653
-4409.6375495996335303
6635.5787342915618865
840.55314467951097868
54.779279276414087008
-81.107330118033900135
-186.97362290380041827
-85.877276912918190988
144.70652957961945617
-282.64449659819649696
-12.021140926700683238
98.058612978219215961
55.58665829385824253
9.3533322074108333766
-50.142468933569077194
-90.141519281181544443
-6.6769138021464744526
15.668100249418824177
-6954.2364331717144523
-83.562786432260992342
-647.60012370773290513
17.187957438987442771
35.637823313498330435
-41.486270946531341508
-53.235665492106591046
-8.7043462668417284078
5.0140913495173728975
23.045224374429004399
-9.6501994327827311793
-2.582579389406219228
1.9729703636183189008
12.445530339364268002
-3.4341902783329438797
4.2753514515013302244
-2.6303229459229204856
1.4274213970376514737
-3921.5194527720814222
352.00521526788895699
497.7529735021533952
-93.470001892050930792
-1.2427809883267977309
4.1075085482645556922
-40.889336397738070161
9.851179069613806405
1.1021108838085833526
19.995286296023863315
3.0183680587444707832
-2.7884819986357416433
5.3723727458008303515
1.1598091877798462068
2.6485865891767454983
1.9865528482334073868
-7.1910480528499478581
-5.5889655774319191295
4571.1848815348648714
-1032.5728982706971237
902.88721446655972613
-293.37252742637667779
5.6631915597271760276
-90.05638762056730684
-131.73093937173754853
-28.89149139707386027
-32.210139371684718412
-34.521072417633043017
-19.090621444561858056
-7.3397121604743196244
22.432447185927777866
9.5653534713231938014
0.41201219551655032802
-9.5835422471475837369
-5.7967409082730947389
1.3781019422799576368
70.001791324956244011
-189.53394204084307262
366.88801419196641973
10.602132834855149568
2.2179133476631860411
3.3377930079050845968
12.874635937474954162
1.8111081941644506799
0.71985145496862301684
-16.877393695994083345
3.0249879511549151445
1.9548446567272530494
6.6997468265647439623
-2.5929842777306766344
-1.5935611036975581012
-0.85147987443825179366
1.09461794152529035
-0.22828841690804621556
7324.1350523621358661
698.33743692685038695
224.85379511912185535
-72.179247604610040412
-6.4604732314697779216
-2.3974417470267317398
12.656088593549988275
3.070870527868402089
0.69706187326639335033
8.935217838346298791
-2.254600098023464394
-6.3486249359327029396
9.8678334027550942409
-18.765098723534901382
14.767614150982641519
-21.313050889370014573
3.8410655537901612355
11.032585362472911328
-79.042932846509543765
18.221528182495614345
58.687053053526597068
13.637176256477886227
5.397830195300309164
0.85849609154280681622
0.3388498721735788699
0.12995422071878767745
1.5438116537601367373
-3.086592978112935981
-0.081419122914279828951
-3.6329921867319496798
2.0308542230661315031
-1.8087888376935390422
-1.2586466097374322537
8.6800132149494793055
1.5875088916076247614
1.4660798763922382459
-1113.1902090746375507
4.0689137059424425047
-109.98138024384161326
-2.0181983162492262984
1.3684802418515353839
0.95843647961719502515
4.013515763200226516
-1.1007135143374171538
0.37532102809590567327
-2.2778289023004858471
0.58136431681577294128
0.78773918017881250364
-1.7972637924112859764
1.7411469504637930861
0.17025608422803320541
-1.6736672952777207346
0.019135069196897634691
-0.63437613786316016107
-1459.4408755132365059
181.38090556140326726
-72.180307566853329604
-4.4187649078321777907
3.0545030018272760763
0.35150225665102013961
0.84239840705030044621
-1.1527840006714413779
0.90960861596020026187
-1.6381976809886382718
-1.6608234822136611619
1.2628309376361090965
-3.7925087150478442588
3.0329683103497355745
1.4419236496050515939
3.8850024961700144743
-4.539628062677950382
-1.6782386821281478628
263.46157452471277338
-25.08484112145713496
-0.93475737538497238877
6.9715226724285956905
-0.2487594944141940656
1.1465176327790833621
-4.4969828246663752225
0.73748570923991207948
-0.67155456038194272228
1.0377382278322653253
0.064312886584528994316
-0.080181253915547007205
-0.50911107792612331213
0.25776412206893295487
-0.32824173166811571045
-1.7378783999127822568
-0.69465707384863395468
-0.25859315007072081194
756.31122686232538399
-96.436075235358728719
-80.845494161655452103
13.575058985327844496
-2.3512542020628952599
0.1623552669886189348
0.033574963204020591423
-0.37479787603610464908
-0.36896432772688625423
-1.289177180692759217
0.55738937276514888275
-0.024214850239900390788
-0.15446810033872787615
0.61765304168884471725
-0.82527140417109356996
-0.0020331391293988330081
-1.1225244574897290661
0.29790310539195374862
-42308.177415131161979
1849.2422959306702523
1719.4321002182041411
-76.900151842194603091
115.55079625276145805
-10.568236267802609163
59.539521288601747528
55.809553354358314436
-32.77920012549994766
-53.708322749463611956
2.7500901356053701896
40.678992554758480082
47.713582428487811171
-38.30189146625390606
24.783942139908237579
70.466729347616507084
-55.900096381090655484
-2.5491714150729434252
-5187.6952453939939005
-566.75064985594679001
164.69830482804368899
105.36024784671631949
35.607310994099250934
38.97822404899959281
43.272953837462445392
22.859025213649935893
6.5771260019893338367
22.30615314900252244
8.699543651720668791
-0.19504943763059973127
-6.6381920623198533704
-2.8922969795887349953
7.870984180828862975
3.730053868829935837
-2.6501641547976850788
-10.587018880220375294
-2929.5801220094863311
-425.11741527059717782
486.74006155165818654
51.151381052496574853
22.758684176285907341
3.2917332446142095748
-34.600175290416444795
-6.5159027869420409473
6.4729688957977291608
-9.8286229658327819436
-2.2435839826824808263
-2.2063006997750740368
-9.7456962723267448467
0.75846748928810470147
-3.910185954692915633
3.5560375650438240669
-6.6608583706792616752
2.3724188060814852541
6428.1971591722558514
11.673416404326198759
-201.21425255778942187
123.81212320823354389
28.240072548620783977
-11.731188816402852382
111.80910622800871579
0.9870294455461954275
0.70919461515539616858
-12.966511058203513684
-1.8659297763933435643
-8.5071618468964249615
30.848353935401394921
3.0992339952435856709
2.0986334394148937754
-17.676274773530209927
-2.3264608371395034681
-1.0393058223231042003
567.47825667432687169
-381.86582947306885671
-42.87759779752128253
-11.63544959852689864
10.438742198141126138
4.5145675169067747134
3.6011823404417997452
-1.9014239064599818274
-2.7811070564418325368
-1.6110213002032496288
-2.7393264868527222866
-1.4223163753178691415
1.0007952509838327071
0.53210151957574136627
-0.50854585478250335928
0.49811523227779253009
-0.068621026979677993141
0.5367072693057135524
1773.9014581238843675
-117.55985533697075596
-45.457561326424425374
-53.096952349917529546
-0.078074596984632690932
-2.0973457969491846598
-1.5505942509133094909
1.764417372501041914
-5.8245702775170888899
-0.08357180535652802833
1.5343585251439950667
-1.1300535955332555726
-3.1556625594608638252
-0.86354283723099023451
0.3605737756812225081
1.5698011949286878597
0.44113541814217382964
0.049005440797719630741
909.56214978699460971
184.47067139762597776
28.083008990673665295
-148.72373985723447731
60.590367509366842569
12.802354698370333352
-112.90784052967806872
11.480868455555874874
25.147389060416866613
19.039301858897097475
1.3891505830105617125
-2.4322333811976037943
-64.162958376393305571
-4.2012205446045385315
19.761884366279556247
27.432749875997508582
-3.8292981913512469383
-7.5082307577718756519
-1652.4707068448037717
455.51003312328987249
104.25810015836722755
17.80613359379013616
-9.7216422713814019119
7.9912535115269704988
5.179964535037100859
2.0657031596284323172
-3.2413416090591025132
-1.1532844731810882877
-0.81563250303599732494
0.69873688665085353922
0.077172355079819857093
-0.40720375766367999937
-1.8596557156820867629
3.1037888857694952982
-0.62085403632675195684
-0.14324046929946387952
-865.42120718274816227
438.92501648456840257
64.324304068970306503
8.5196376851231345739
-8.878449020906231226
4.4393067480385335344
-4.7588088802245938069
0.99421874839952084635
0.25370497330545183079
7.7903108073951692347
3.5124385062576686245
-0.38217964834065071278
-4.0786466597459254402
-2.0243400953201424741
-2.1528711300667162654
-6.7268280482237132745
-1.7962664330470605734
0.49413556041565498411
1450.2167355130309261
214.47413775439966344
-164.01507800151063066
-99.862797703586863918
-0.33645071911773677398
-14.224608979508323259
15.363292463796137
0.97852610721496779966
-0.5451063752835676457
6.7420475562492674371
-3.6300849459135275943
1.6004317237437104549
-2.7650660847397086073
4.0417817474132231581
0.080136306800819637197
19.075505421138750251
2.4368357513327980612
1.4392080773509001723
822.87183731231493766
20.64223843592997909
-81.239164429230200426
-6.1441914587783985624
-0.66184938101024337609
1.1811632841085970558
1.9855497486387641004
-1.2575785712342755218
-1.1333120804661407366
-1.6064274300174563592
-0.69988224219233485801
-0.75256403648284964092
0.11335675684470578051
0.46348898072675920323
0.17452601047986118776
-0.50166064739288318552
-0.41585148531838506125
-0.17937695082222218645
1844.574952384358312
-211.90255254684441866
-214.10405342434478371
-33.891662874962314334
2.9968419264954024861
6.6418940214025168345
7.5773115485884821041
-4.1279006378772074015
2.3229979576126673635
12.874801548468949974
-2.9385671125427252903
-1.3599667321356845306
-3.7420883026333462418
2.0969623359711988542
0.7965547060911359889
1.1046296037966525372
-1.2665700816078253599
-0.35527873624357869664
-10.336523054522425369
101.07670371880114146
-86.61023847216516458
1.4741331696785742178
0.77296103265188931264
-1.3124218413939727768
2.1461613317296865944
-0.95318002893479780724
0.049976309746820317403
-1.8642469789907589739
1.0428912794253430985
-0.68938980443346720151
1.9234606690257183281
-0.50677764459386276386
0.029804265650916216684
-0.64454620369172987981
-1.8840771111766576595
-0.42245315608831296439
74.651193617085340293
4.7821181546921698313
2.3303587671339549559
2.171425841016302094
-0.35456906382952696477
0.28612780722691499857
-0.59814779407324181193
0.19836308312616626748
-0.11606635175382928882
0.0073855244042566716225
-0.077142075723405451049
-0.060078943840827660205
-0.14754289976700499243
0.11364883242506766681
-0.0085083438452461471885
0.11673329915455839256
-0.40608050020810770864
-0.012155388069434315546
5.2674451319410282579
4.2863299601486080093
16.042458609276909698
-0.055536513064835833775
-0.024061413336846023542
-0.080060490267742562276
0.0045231505582618005898
0.039746015068414665417
0.10126388002964865909
0.085000179624018804003
0.031581382609598904199
-0.092043641960041333583
0.11373571713131958028
-0.076600345072252218337
0.094892366110131021184
-0.024066494507263343217
0.094596611110497844099
-0.046258835922821900377
133.05814220660784031
1.128640569526419668
5.5248504641293720852
2.5322334683017011514
-0.31113433143825697247
-0.058029891011047586569
-0.77809326803857037369
0.22988292716667416138
-0.053409342799816759972
0.039003789849575656867
0.05594214399477115407
-0.050923229407706216421
-0.10114815290248135859
-0.071042026433028038213
0.19169756359939776891
0.24542590556594837126
-0.23238369691732296829
-0.19538125751534593522
11.870115234730240772
-4.9495247172864909047
-9.889896699171885075
0.56673619800139451996
-0.14637419925863567882
-0.076338844048858198188
-0.09987981353723354716
0.069128196971272079518
-0.012705462512950861306
0.0097528291920613505162
0.013401803841589232658
0.020549324523146249299
0.078048268628046646445
0.060109639879222999392
0.005936591341191054319
0.088393630905862413671
0.039675482911396546537
-0.0026834243710947571458
29.115220635725815868
-6.0135598844777433669
-4.7209093063380231925
0.27224206127275352163
-0.021605450006293335646
0.022141445916138938199
0.03602732165649620566
-0.0080723731050091861172
-0.043535480132009550525
-0.063383279092466937588
0.060090269024630917072
-0.0050451661207366067102
0.11006149861003734769
-0.065520631805193532693
0.010918351660172787715
-0.089401142042090195328
0.045114208718218196115
-0.025218338108956059318
-11.30384536983901711
-443.89001036015679347
83.113029557104908918
-12.147350866858822371
-4.9528738838513373111
-17.878890954025560944
-22.163831795514600032
3.187534468735288673
-3.8184620251046856865
12.427760205248791436
-3.0319183646615477379
1.8896939900636202658
-2.9477245870851529475
4.500470085880254878
-4.7774180459658355247
11.887382268292787657
3.9592299500513932209
2.8690297049479727143
-24996.617327938391099
476.47427375317113274
-1495.399849870089156
549.93388682394333955
-56.473597264254266292
111.2526250799836447
-61.254477465329905783
-12.523915006014057383
13.288119233915415052
-33.831006141159576828
-0.78015828951719523587
-4.2296349089301443769
6.7680833345973816506
-0.67995357559835212236
3.8380516464933802645
-6.3910356951461615438
1.2465534497559249694
-3.4432723388830921429
-520.9352369050291145
-118.95509653332013045
185.07652518869471692
-0.70750124761907939863
-1.5296175406135419372
-0.16914615754276640658
-6.2786429628165905115
0.56644554604265506814
-1.6792069636888813378
-0.6490456689933998824
-0.11128721202407863833
0.80284873150880942116
-0.07559034052841617779
-0.73462531878847991962
0.16018638664738243937
0.0020016818317472769018
-0.034763541200830569422
-0.34506575311116260973
590.88362994836404596
-189.18173239222196003
-80.165823994442362732
8.9808183451490020133
-0.42910018248193498858
4.0220729482579091751
-6.2596117712168988234
0.018303880355306223482
-1.5960390365972387805
-4.2803355398237776797
-0.095434690907510180691
1.1270954615033437207
-3.5303367198217379119
-0.77348577228822901208
-0.54653670124866704505
1.2947197984385148128
0.94889273127228901394
0.50320750355011323318
-895.02124045314258183
-69.122459478866588256
-235.82234843265331392
119.0642654766725741
16.337480616625121854
21.586361347184954695
54.573374817467630749
9.5618075490725846777
7.6287070453180065854
11.239008475185602975
3.0742297645966556452
1.4090418151585697437
-4.6282445826613365369
-1.2424325969971534711
-0.010273894654379524954
0.6879800829566298237
0.55098612536702717968
-0.32671879428755207231
288.45203850269922441
89.588084983235759751
4.2193513506213236042
-0.13655569732230524171
-1.9253390085548025557
-1.6260797140890173029
-2.624984469558000022
0.62668888716254012028
0.083293408805733784583
-1.3365163827612474012
-0.080442850182350311705
0.68163425085729001385
0.24425129126184816353
0.19223169223741734535
-0.26913116899496675183
-0.56095159217312973166
-0.17249338381119036501
0.27847335604166362222
9.1129074597780324041
-168.0390021241568661
-53.233038860586951557
-14.496563072575154862
-5.6794776375139104374
-2.0151961012127346251
6.6560762364845329486
1.6901211555360149408
-0.5787060419059402161
0.63793419987462940401
0.37283632043808495604
2.2423596304103887711
3.4266590394629892202
3.3286031386169350199
0.43394697612771820916
1.1193571284489252093
-4.3814740803152609772
-0.32107471525824582415
241.93829652220259163
-18.264861241501158418
13.17397533309180524
7.3791578226643954608
-0.17073426702356339635
0.33059182210449072903
-0.83352789028139628869
0.18785042454935149681
-0.062500438360691662476
-1.2982796934517755183
0.070598282633043393797
0.092871450076037892485
-0.65209170916821246333
0.22338576052703496
0.056176717266057260569
-0.064627167820024492007
-0.5690197310249908158
-0.31159713231965852076
44.805894189146449946
-63.628782673291716776
-1.3301133930486559453
6.4943534113520300366
-0.73020205094893031461
1.0013597933281399577
-1.4991266731369943255
-0.019936883857119936519
-0.18327920669101141482
0.2417203003314894183
0.003198615910434161793
0.0032144405485823794415
-0.18648632709123352802
-0.26369879671877499705
0.045274126523178977177
-0.0190257618106744672
-0.017236774729107978699
0.09619023412884405988
11.96210072776772293
-39.92995943915308743
-20.552148635051818104
7.8706724152360907354
-1.3051135074862629804
1.0569259534839379189
-2.5914967488069056145
0.23380138771085040572
-0.30931560074679204098
1.00486012070852615
-0.44431364081668861532
-0.0024783591652211690685
-0.065970336024535017327
-0.13499499912093093634
0.0586806484154003688
0.43197928002642793643
0.53289850079795497706
0.067849865246209797864
-10.269188582951548128
-4.9636741351968591829
-22.292617619093316961
-0.45579255640241300718
-0.058722389652114855008
-0.1042051491740462188
0.040779094143571663345
0.022082636211825330819
-0.020425099035729019081
0.17398620355588731434
-0.043165764325197933382
0.0069615528882031960795
0.31063152902280632972
0.075918108280359816731
0.14372145073485054212
-0.18915658415801708814
0.066056877693294310805
0.0078623590340128422099
-26.592707767311658529
12.70038387367084276
13.463576864230050845
1.0087578496268998496
0.13654144800477657773
0.20754268564040767586
1.1485998979506713003
-0.065532226360558262779
-0.042967148668355673036
-0.53795406581079829866
-0.2532153580630159273
0.14296754734452571389
0.34339865329717039755
-0.029961566721560417559
0.034586942208948555366
-0.31117679142908660772
0.13514909717432971314
-0.029421853008333900825
-6259.7814923314954285
124.64020703419309655
-327.41535109232216882
21.657379261115561775
19.327039721434886133
-6.2014560453653260197
-8.2390657586075182195
10.603068445573454071
0.044427559641590924633
9.0284329092695791985
0.63811457293606932417
0.20472764642049257056
13.37861003393649284
-1.667235916833782472
2.4481113921993160609
-1.9716119236061897535
-0.85087961958170643673
3.1695846398983071879
886.91222760262053271
-71.583878109186144911
69.787876549008984739
13.489245284090136678
10.272452132495400789
-5.5571724739340524479
9.0171299727701708093
4.565030026965249732
-3.0435808391103091886
0.7213904605853846963
-2.0364086679151967019
0.59646810368233393884
0.85818479650186463292
1.6521067884639719647
0.76909032025036794256
-2.3507918948736947762
0.38782186469999058165
-0.90539283258810343558
-700.68108853860746876
-42.537685784805660205
-36.227763384638869582
5.3284063623375015339
1.5268902633844718686
-0.11913476399987671384
-6.8964732771174013237
0.31838169561802326379
0.94648184733052820317
2.0483712776392453137
-0.74930623358801595746
0.70499767550834346874
1.339825640764944481
0.26093901434736499478
0.2442353393286031682
-1.7273128692670409734
0.23144162234355186714
0.073494429003023206692
261.77482206643986729
-47.734225997686692722
-16.631439887612735617
22.600349625283438826
-2.214477397591135599
3.3070738759845736965
9.0971300529019636372
0.28474796476096453368
-0.18761669133703917645
2.9226361782242507026
-0.093072022547871877118
0.71071383659314391057
-2.8289499655207022144
-0.2142399626153538017
-0.14212819387212335953
0.80850201575188918035
0.05958509968449013372
0.01512697941490335693
-171.26443372590011904
45.466780831543154306
8.5065816454334335361
4.8954448503574852225
-0.049188147004459545353
-0.53401292205520567435
-1.4548640248705362321
0.97120112842237515949
0.63631718904508371981
-0.7953566480732386923
0.52595307813843483746
0.30608420908196565247
0.5365865081510688972
-0.094111746177449773221
0.034820358315211172306
-0.51372902858022351236
-0.012003819760445615106
-0.05176718905124277903
308.90253123085767584
-10.525144132579256961
-0.91784975116513045634
-8.012955072410015589
1.5036899297984129831
1.3221259767144291075
-1.5402775310242826645
0.2048506284398353694
1.2216084691864117495
-0.87020394582645710368
-0.20772313924912691463
0.34654594220377799019
0.80278178833668667469
0.13133006703424182637
-0.13742392674678932663
-0.32217507381107252096
-0.067210507721213272325
0.028744267731366936192
6601.2242340359580339
-734.04299872859985499
86.715483774811104922
-89.565800034110495176
-4.5224711183533843339
5.0892622326422163326
13.073988375874863621
-0.23744604397419863395
-5.517172064005339216
-28.804339561793270263
3.0628684743300365056
1.189631545468261109
8.5402219974754434162
-2.948372916340045613
0.9897463646214910149
0.37289107886941919023
2.6331063411330686286
-0.30528964884399262258
187.02166014083167056
-45.136928529038954139
12.336558141094712937
-2.3565191722379643657
-1.3996253498068222942
-0.60100064126315333457
0.12547766599857776426
-0.35843501247031978041
0.77207072362186590642
0.65465295513132215621
0.49341745719916663138
0.31186589823218008322
-0.12894716380233647857
-0.062173916284259521381
0.11960862718270676153
-0.33241440445132652837
0.086695679015691404223
0.0012177927387480016672
-368.90095439088929652
12.031603026376211929
15.252231280374390465
14.246369182688814803
-0.96439966535485199817
0.0018866164455964397687
-1.6089209243306172858
-0.056233059141322656871
0.15714693065880427914
-0.092476521383794307862
-0.56266463171429936807
0.24505465706349952026
0.10144831592202625814
0.24861182994187919215
0.39309704581434345982
0.33850068204251404502
-0.28212371660429502729
-0.3962905655870647692
-80.388221779856678495
-233.91610372320758415
24.495553050218141777
2.4296215508759706481
3.2210347205187388475
-3.1443438370882796917
1.906143358991086334
-3.3217131370110912769
-1.0072032489997582161
-0.45164761939052117112
-0.72581058781612572961
-0.90512215781798421865
0.63801958692342408686
0.13972126715423260901
-0.24583164775055080242
-1.1895181537834300656
0.40854131499916740422
0.35741816461841252606
77.019937954889144294
-21.08170932090589389
13.254906487880138144
-4.1978668178852274195
-0.43789943360576616405
-0.4465336883133959045
-0.14170218784950952551
-0.48405709188893203399
0.049084680709083158834
0.49960522806040991162
-0.16067920738947358283
0.18797534221717310254
-0.10650010743836042792
0.025856699816812645648
-0.092920744967052049113
0.094696007057154904518
0.034978713166396911693
0.062704026160201542517
571.27215780805090617
66.621765532649732222
8.6117863538502117393
-8.0124560138657550112
-4.2586343861035755864
0.70439404222024160074
2.8154145459206025848
-0.74461010466801280661
0.30295398678276180826
-1.2628361551884530467
0.33455588056059792912
0.23883432197493112414
0.73602890897679984494
-0.27952438488385716875
-0.10270507074879954568
-0.36107460425820830929
0.21585520732181326387
0.033716130038940937685
65.882409434259471936
-10.586703171627629416
24.018861334729894708
-1.0999746900321287768
-0.51364442871980053873
-0.29842362569847175058
0.71554142909607676426
0.15941943728197083274
0.1998482769582216878
-0.0023364339044476913933
-0.1034219540199458609
0.058283636569691377183
1.0690642063531503592
0.13685512203369595841
0.065837300644873461564
-0.36922428298216641851
0.19181987972046057878
-0.01675986443662971434
-11.79320339947895846
-1.4400888505052664712
-0.23057555268660481773
-0.44154421207036620434
0.14101358043760220395
0.0028460925230476305341
-0.023031878770722460231
-0.04348779920371294988
0.010677755909256680944
0.099617683467018533494
-0.021227869513350403757
-0.028530165064913466655
-0.020540389802982533807
-0.013989138462806778931
0.031941624121873152253
-0.074669331185226450742
-0.013804119471118841966
0.021174745292779226236
9.160329924377466071
-0.36823311245419743098
-0.64091393524568018858
0.30459888229450227115
0.11160466982324228347
0.019102286312046402178
-0.13953057108263203223
-0.018273648181740882734
-0.029318304781770637701
0.036726019553985723987
-0.02615709330325066001
-0.022382308819178103887
-0.061652666712951331718
-0.034764657886791727748
0.021879433517831083783
0.068674748236156907266
-0.051919196529056535483
-0.024582337637612087372
-38.602972605204563195
-10.290844996605388317
-6.2574107653937351969
-0.76056651731815516637
0.2053661817527822897
-0.0040136339125748854081
0.18388049795370026152
-0.047814742099639803707
-0.081068603283004608828
-0.026279176521643420744
0.020347107298281121718
-0.071432359087962180033
-0.16127494337952152925
0.079638754458299418348
0.0015426121090236142013
0.1046024103430117369
0.11047530419103068766
0.021166220911363518853
9.28460240972399653
0.44976131696333354615
0.39681769630675534088
0.069291823106898811635
0.061580739061287886882
-0.017335342224790849242
-0.097093061137535768834
0.0035792292139100144455
0.0069388178316964260403
-0.010103004844773342055
-0.016710540847641428691
-0.0040025714510018338757
-0.11220907717283917782
0.0054736135116066767306
0.0051857404930793311523
0.089036857695260693268
0.0051962936835712241965
-0.0076643139371519088815
23.653986942991593878
-0.93928815801857101775
-1.2537429784074136663
-0.50412803814877804598
0.039531372792161893759
-0.096365424831067178491
-0.030122621830417597999
-0.0066005075697758803718
0.026804839446912104989
0.062344146737316460949
-0.0083015679220849302594
0.039340296385703105164
-0.039870740975658743033
0.010880837655429298483
-0.021887355299306712059
-0.0079135196520390659047
0.013597629351650798724
0.021597360674493498722
425.15675330846079305
105.70421487129804916
32.02020269510109074
-29.365557505558086859
4.0850215346214922008
-0.52641153919600802702
1.1776231021346508232
-0.30720398880856203405
0.88739748173284938026
-0.42155124992978015852
-1.0140835085373742785
-0.24041847667776741759
2.3797863505310705712
0.15226936723577663702
-0.012614530563010310782
-1.6389855100781212105
-0.2209988422183361001
0.30641383682884265616
2393.938473132427589
121.3835784477962676
108.54706206456152984
-233.99007740071547801
18.921246969109944303
-17.024944616194730429
-88.419947450860234994
13.055062624189755383
-6.3253607603452950414
-11.273868341387100145
3.4289257856927086721
-1.6371457207121549171
2.5251342193928114632
-1.1041255643470049286
0.57988877436306107693
2.746329025937665147
-0.058518937962712513912
0.12081612216341147681
-322.9459142956069968
33.712724354933214954
-11.3439388086169064
2.6051434131475281752
-0.14868383769147952567
-0.77029499499303277776
-1.7888565910974871809
-0.005999268767222074375
-0.43776721770701937375
0.019862006760863009508
0.021334703733673569814
-0.42096020188789579075
-0.047418301084322767025
0.020636198768553878219
0.10877816741661394673
0.088414456131575919207
-0.025123155771616039605
0.044278257513313240556
-543.03453618835078487
-66.761097703474163723
5.2933407482653045406
2.5692012349294341966
1.7713613125927207825
-0.40138187944510250738
-1.8698274184551288979
-0.78125592523215137142
-0.72653388669194451932
-0.045261537007245909725
-0.41893601306827765729
-0.32928162263445559521
-0.54033990000328691039
0.12448761531965259197
0.1366131726758078313
0.5937326163754741426
-0.11828192409901637505
-0.1113561310221995726
700.13023357893507637
-56.828444894597460291
-11.92702922804041954
-30.975367350444546588
7.2534826928929172496
1.1249326782024333671
-14.902535821031108298
2.8281872801559067021
0.34914182757814976599
-8.2573585178901911519
0.39734757866399544879
0.0045624469125520690158
3.5527443418600306302
-0.11198018587508572208
0.010643362073711673879
-1.3008917368030930017
-0.024030634752745191202
-0.012256207813874760854
-268.57974301150221663
13.694322162440622392
23.92664828817505196
9.224781751232971061
-1.7721742782887737189
-2.4917182996122124727
-0.60077445004406593299
-0.75532613715766572238
-0.89306857569753750337
-1.4698144371063028846
-0.1089006721986858911
-0.065793074871125525882
0.58330121491521114141
0.017209536375191184648
0.0071581504744760568112
-0.40040218979830249912
-0.0037044093955684040745
0.036584864217460641433
-301.77134286259081364
113.16194719654134815
27.053449677518571548
1.145063833877706827
-0.67171620052890812502
-0.60276560080750585247
-0.20465172569296219418
0.41823903697841163796
-0.079627232497735719874
0.81623505481865465949
0.00949664860183511636
-0.31132311616688945755
-0.057415972347258349695
-0.18273681269668515248
0.101122005423934333
-0.17225835662547142602
0.42015881736924359791
-0.11253584487047808838
-23.183445116631371974
8.390556866924763213
-10.299233762566107231
0.29042822218240943455
-0.18716431924973675471
-0.093128416913243527997
0.10660808545836422678
0.078438679925725188213
0.085392130492861165192
0.044863704953858947466
0.083766935509904341672
-0.099677837820387180101
0.40486001213973971113
-0.0065413251010117186984
0.13057680648704556026
-0.33700028948584054289
0.062461986139260072814
0.012029007735254074185
8.790811864562213529
4.6499444502909055288
-0.014942552487678228967
-0.26432978093928172214
-0.054305510981926402581
0.25663856996315553838
0.47642494306238991619
-0.11440442572444378677
0.077009602839123891815
-0.23997340840346137458
0.051066845935177400395
-0.099604335917523628696
0.20169360667755420469
-0.052398515370368131672
-0.0050835321899240764471
0.049363832606733978881
0.0072734671634428500059
-0.032641110322953095779
16.905582602376792778
19.144254045419582866
-8.3052352928977466462
-0.86601372375673502102
-0.20786698269067263589
0.37958461196492465639
0.36788339949884441005
-0.10660364448317066755
0.039216062191859073216
-0.18000082079323545536
0.0098215770473433928328
-0.13221560640064880521
0.06039783098378256887
0.0031762877630543881989
0.01937446995068113284
-0.05672417304078580802
-0.0059244083673921799776
-0.0016278591789945556691
28.296905404430155784
2.8228794360515596651
-0.16260310491166990454
0.12064588479004899335
-0.1236140337105078868
-0.063814019579604863708
-0.13949230091664885367
-0.0036570791843177417706
-0.018610271200058734614
-0.20138138471959995957
0.0660761200735055787
-0.023484871352381031517
-0.11408232488043308639
-0.039590563535526750172
0.0099150482183044483936
0.08275749255048735209
0.028162545384570449036
-0.0097684425910301801027
-93.054521836962180714
3.9488738522574649004
-5.2042605869266331808
3.7075840625540070761
-0.057272819339350251877
0.22142469193583522169
-0.075835389653458568082
0.10851266749237925557
0.060281806702508641815
-0.38314104353777378442
0.064990871900552263374
0.03207737417415384984
0.038694884662495362959
-0.019653039781465025254
-0.010738020850759043973
-0.047684553588201068763
0.01255851210344836183
0.013871296695479163816
-39.354741138623445806
31.531869989067367044
4.9142714109867959849
19.083628904088133282
5.7815599339419936342
1.2970313012080596504
0.35141243105631014831
2.2628910390119791884
0.22240139827547850127
-6.8014791508437246748
0.31604381043089108116
-0.35986456027410756997
0.85864548842610233237
0.1376978767461383979
0.36279810015570029824
-0.65102841555731294498
0.045547946366247926697
-0.55470920441084492492
180.59842574529236003
-117.91572729850682322
-16.542872468581037992
-10.519225147113612451
3.1897656709558703803
-0.56693211177977831383
1.8530653020080709581
-1.0035040290194781054
-0.90730274496981666577
2.6640438190258293183
-0.38741912546862061761
-0.56614227543622719363
-1.8552169677756098487
-0.014573334054347771363
0.082348081697252634159
1.3072524669061245106
-0.27045055264856371346
0.058500488145326691447
302.66540437804326302
2.2639191681010237822
-16.073836619574660034
-8.3125472998073348663
1.1998172608436576958
0.77778822106095601985
-0.44939227855637031706
1.1197484864250502046
-0.18810028636290188064
-0.88978624435454323205
0.50849518301208385118
-0.17406899689968771683
0.2807155533257261748
-0.20615519048697342197
0.088548348216631461716
0.18015782066754251756
0.10492347291178667767
-0.093609370079573733792
-638.54143445446584337
-22.314500702447681135
-9.0333375730239353629
0.10389810250994577223
-0.34887386438386297494
1.1998372335164591007
-4.9173058092697283783
-1.0659144791256653928
0.4258184799567722445
0.66088426670041200417
-0.43639240465357953536
0.1134560682848199803
-1.0055596088967506674
0.14317009603628833014
-0.093413755493788205864
0.65341029840682385288
-0.038801214891709366606
0.050282131904094022612
300.83235397485998419
3.2218286436459235844
-9.7246388872014364324
-6.5986286774140587852
0.63969677840052763251
0.37661086756029588107
0.84770264966039088339
0.4706666404538902837
0.022582169777511016534
0.57407587932008197207
0.14258933758867298192
-0.069357710071968906029
-0.23300756773705219582
-0.042272123740859424146
0.040771067841732372417
0.1227166179894181447
0.014697156551170400401
-0.015671499223482994456
-250.06984241416762416
-7.0263075028932959754
-6.4642555225869076097
-0.12460612653132507877
-0.51758832626721329451
0.53502045738853920565
-5.0067756496089677043
-0.50778929852456511362
0.13613500019274693553
-1.9547777631892997441
-0.1861601500334796877
0.0032417389825800820534
0.64979234120789852724
0.072042841369481844249
0.012803793917384842516
-0.24309815666865408623
-0.030609478015478905344
-0.014464077422670614317
-1000.422308942711652
-6.2406495222765192565
-45.087055945928433687
22.371028844088829857
0.31784076919077325352
2.5712427800182400262
-6.0769368329821693564
-2.0073510672851266889
1.2766460472857272812
-3.9198218034620873063
-1.3744351770594143147
-0.13322593267167529008
2.2138517191819553354
0.76490562663239569652
0.061964023444557779496
-1.4712189581537444827
-0.40016581667653167154
-0.085928257583181857915
105.52675140448759805
4.1994542520886684045
-9.1306528586329509523
-2.4629101110994704449
-0.19609753139683400169
0.38114413056827328719
0.11486467627237678668
-0.083211595005647023826
0.0063606485641176579646
0.23905702658352964707
-0.043091868609227514109
-0.083553909669302206531
-0.10446362722571099491
0.013021767943954334901
0.032936985276147308366
0.080501357084261884745
0.0012821574939884934716
-0.015589904220734151358
149.37268876345044077
6.3510075674085229025
-7.0865120809760187015
-4.2769371531065196734
-0.11139420043560650797
0.039841146387953732533
-0.63705786355689797418
0.24680415154954396528
-0.10122093201493811976
-0.92552292473444319754
0.21932731425149029625
-0.078819210176671705703
0.39105670545551712847
-0.085082517548093650195
0.017543457433416974334
-0.048691865648281547341
0.10087877583572492368
0.031575653368275127808
-384.58930393505943357
-3.3519696628058142096
-17.005504482234140795
3.1661503094812144532
-1.9538390778523746505
2.589040306386820145
-5.2592555989700082719
-1.3335569330182912573
0.77117411496798482506
-1.6879328171520617818
-0.53507720061805663647
0.23503597596351860632
0.45907715339145610534
0.15719584181072138174
-0.02703186099053034655
-0.34540308872262798223
-0.18618190786373192691
-0.075608727931282510015
-16.391452736062056772
-0.50948528490123135004
-5.9718591262651683493
1.7966939685084515332
-0.22935219708574094977
0.29172495963800720853
0.31684923952613280873
-0.19355183483444027281
0.037896854593492089458
-0.23735273922984562178
-0.045475663146895148325
-0.055610427253670331738
0.12421023393550147118
0.019112384676563315411
0.047113420434974365159
-0.083232700540779733234
-0.016482783037143497462
-0.033775096990539398012
-157.60978551839377815
-24.976611898489149866
-3.5774353289732228056
2.1077178146349226928
1.2394031206086333352
0.092566004605185922549
-0.52267545078454757945
0.14844713909976806065
-0.061042351711846735973
0.28388414916838150548
-0.092689370546341479096
-0.044124268295782038962
-0.23756647828234150888
0.041633761594261201044
0.022517309014243570842
0.13221858019711796306
-0.029254741097060145416
-0.01269656145303537341
-69.146786267413034466
-1.470221991600547673
7.3592218356312750771
1.5307357472654394837
0.02738128545510167336
0.16667435505986127886
0.47026239527097507542
-0.039859910497954446906
0.19089215613023369222
-0.014508495926931392478
-0.0062116096506332060465
0.087110101492776786936
0.024795124805425717424
0.0014215984273366142742
-0.076011820361942580848
0.083574319868565602465
0.013851353022882297028
0.016497426146207055941
25.098701786604930675
-7.0537372645823568362
-1.6209467886218127397
0.43466746247153720262
0.087445482084241868415
0.010972663901611674764
0.27559874913049187128
-0.072632263112653250303
-0.024056041488949266721
-0.081585225474224351561
-0.016422037897304789938
-0.039811456372429790407
0.079123059531951506207
0.010032331337722360728
0.0011890333747286137376
-0.062301998471445678429
-0.004818440483684707093
0.0023149890930164924475
-2.1982334328008934499
-1.7320830021243900365
-3.931958241368441076
-0.40120386638294602832
-0.031370592721111180412
0.1319069991047820134
-0.037337643846547405313
-0.062478069180789623516
0.0088307028881771335721
0.24705111027777160171
0.0087919606891573784391
-0.060859761328685729742
-0.072820905049761824879
-0.010266142168659637274
0.031016920926849544937
0.016558784180208171305
0.001380812100712257252
-0.023687671895109861653
5.0926777107680809564
2.8967083476806583242
-0.25189694220004471559
-1.2966275959509578897
-0.26150226588787112147
-0.060159567057924107081
-0.33091064227700589528
-0.036592029337296258507
0.15527982059584236052
0.52807205078184860092
0.028828137284531377832
0.066622241779747279344
-0.289755269777346669
0.015178718262317363041
-0.040300379798518748409
0.11992939284442327708
0.00049149515164053074901
0.040420493277473823479
7.5617468180257709776
2.1408014415596348101
-1.3267223515430226488
-0.055773641694824183102
-0.058918994764247313578
-0.024334414062534951567
0.063338237379665041082
-0.01977689703256740178
-0.036931027659066043012
-0.017741977881224172547
-0.012521590709399458424
-0.018271966959111062001
0.020991452941060279036
0.013626940553844880261
0.003867199507291009964
-0.012909092139411576516
-0.0053219662874928446578
-0.0022693615424635321144
5.9646814791301148162
0.53633528457643153686
-0.98729290272066771994
0.011762121264967713083
-0.032347991592450088538
-0.012557600841120059379
0.012148644589256529097
-0.029169141092131624371
-0.019094582653572066827
-0.030040995977149865387
-0.010353077064224310358
-0.02748888165404272943
0.0080355008383333793864
0.0096099628318786871339
0.02395437325063739728
-0.0056852839089546894705
-0.0030570288180652668321
-0.012334804395569477775
676.10919975395995607
21.840079554250518612
10.634999242082921356
-20.394968319533763434
-0.46338967838276567957
1.1675857701455920612
-3.374249961015957755
-0.01739511614114856719
0.87748727982641638867
-1.9399610824823498856
-0.0071329371696911324577
0.15726437332495216137
1.5245366994947535666
-0.08553652279454529439
-0.23758036846143529286
-0.11416846116372812714
0.13326332539469482041
0.015949840365193423963
-1878.4582895591349825
-195.43126620589586651
14.337053309757006758
69.583754291821364291
6.7488822747294596738
0.92818394289379846374
5.7262190007821978099
-0.65149207642141659935
1.0489170559544349626
-3.3952099491664151643
-1.0302424365608640056
0.45043560673246552106
1.6271708907090476348
0.44025171612199498483
-0.30334029614763591276
-1.4886822013513825169
-0.17319688115661219241
0.13015590920964278943
-267.01348413392315706
42.883766559992565703
-11.015107473499369917
8.3568099191958413741
-1.9686436568786160883
1.1703483560442449196
-1.6656038927967951047
0.040903526815144988782
0.43253119175385362771
-1.8190356925040871428
0.37373520576787166991
0.031252818194361521587
0.76619020452296682233
-0.17727704902870378145
0.011444605458832740955
-0.39818064033046540739
0.07159407768578057718
-0.037990022379014401488
3.1822461480440669135
6.1397765160197996792
-13.39298363788127233
-0.65082529680588052656
-1.2497232269893339129
1.3110156177227274554
1.3040170474398975475
-0.49996821011362491127
0.76987530346230215184
2.0434020451140488817
-0.073109168167339547151
0.18062796735815850324
-0.91334127447402591038
0.054049182860828666464
-0.055275089188494115622
0.37044300062038959531
0.003834903333100178266
0.02969841685931692149
-12.452925101773068661
2.6747148675155387743
-1.0954592971644800947
0.60713032414256995484
-0.94864755131850186931
0.11228410470759404849
-0.074542714681311558755
-0.51097074954014087833
0.10513145293463753427
-0.042315674899604215076
-0.12483076892499350707
0.025835586455810553158
0.057451431416327851387
0.054811001659381623774
-0.014836795054025860019
-0.049950264317249602752
-0.014086129270491791476
0.0051902029907081436572
52.407946279554536773
8.3005668372356353757
-12.89230222137398485
-2.3674973287834690794
-0.44271440859120814171
1.0973152427466930092
-0.56954445692415156532
-0.013110444184710334445
0.41730179645059295446
0.1296761415171426568
0.053685975473891471565
0.032690912562079336989
-0.094333770126046698201
-0.0094591987393465113559
0.012181655667877724913
0.047254420485596422552
0.017215140410342666399
-0.0076882042163693570247
354.83229447710095883
19.049680898165696874
14.811888394997135165
-7.4592065571881267516
-1.2269144136611145335
-1.0021303604518390085
0.14940082276323796151
0.0032273363193161684788
-0.28371136532724955392
-0.70481975350619385789
0.18114164204103985756
0.045822334870225182868
0.63318697993448769257
-0.043961582239714830367
-0.055126057845128709212
-0.20360492878016739349
0.018066979064985808773
0.013493640223334242914
18.338330318032330268
-12.338945156552721727
-0.68264991494450022458
-0.53663522721512602054
0.38409645521925650513
-0.095453664298208368288
-0.17436376326125771485
-0.0010289665196637765021
-0.093553565556324963515
0.0060686431491309266589
-0.0418360167516668921
-0.023371336833286054241
-0.048099905052903034475
0.021257661972396455635
-0.0013593168763424078819
0.023558122590432457183
-0.022577111308011221097
0.0052319541807665428251
31.108036189269608229
9.2828403866650468501
-0.39864447064899910522
-1.96524003674062131
-0.29339807926946104288
-0.19050712650210202548
-0.53595290841909615231
0.12077412341555761321
0.015358057726471665422
0.2226221766675982594
0.17004785220945117796
-0.034122254096166496073
-0.077093823203975689329
-0.067723190930793750186
0.0127631376816406579
0.026420657194270686513
0.048671422032403148517
-0.0052906990461079423868
-120.92437562283824093
10.242742480741139133
-1.4222118873974090025
0.53697983059712239839
-0.67624409797960471913
0.25176061081881284665
-1.0793416648068090424
-0.22935913589605647078
0.172937756654130248
0.3483779903341519546
-0.14907654122077720893
0.12338345596665914461
-0.34192741656261577132
0.091014487295979010217
-0.030979933223358933209
0.17187936948936274884
-0.053779122867512060835
0.027037142828153989949
22.204724002011612782
-8.2849757442999631962
-1.077359400237327014
-0.22339580943918449507
0.26198621717245174079
-0.071049626614234848154
0.1363978953870542965
-0.034373536379123881268
-0.030162523909480206535
0.071688702615861438217
-0.052749528058769035166
-0.016583574445504928319
-0.0011924901792988928332
0.028297878455504483358
0.012073518225614119498
-0.021701588731286157452
-0.008550223058891756947
0.0014253152948862225606
-41.773925394932987842
-3.8089178022234255749
-1.3185712505167113129
0.61037032422699277756
0.033827265715599984242
0.042281625202681305531
-0.20920197518116065427
-0.057890159105613882284
0.035380473793583069875
0.092004702977273408737
-0.035213117894970079325
-0.006671920602614180365
-0.048302267041822270766
0.02240854365622951816
0.014455476625137490473
0.010437354829260210229
-0.0061798134191077998267
-0.0014027761103413232107
898.92164814304908305
43.573035050200743967
12.220112876338733443
-39.759254830543255821
0.88341666106218386112
-0.61629023399801796668
-5.9170385003004879465
0.51606327201397372839
0.028302567338781593753
1.2938873862373825308
-0.40066904571696448922
0.081149818315514335443
-0.26007099511083475729
0.27009041939842515223
-0.14364584802967264587
0.41187751097666441824
-0.074243338165687400299
0.082960154668537344769
153.07866049247459728
63.242610876072916426
5.4162633085501354913
4.5659777793121945066
-5.7997041392183179553
0.26102451891737854517
3.5971315446498093316
-1.5532740328393281892
0.50141142930972937286
0.25401250124457819268
0.10385682269630813757
0.21888587311600926633
0.28960687142908198011
-0.074323385144125078683
-0.10543963933646036124
-0.34697708470702831596
0.19256523254898663677
0.063534855217450239562
-199.77209614024590678
29.395399176000363894
0.006039002081500612594
3.03685900617461213
-2.3931465319329414676
0.048528495706310986746
-1.7270069939336611942
-0.63793924879416907814
0.052010142072325869778
-0.65309632471605383319
0.068916339252572914043
-0.014669534764864457926
0.21284493433569032228
-0.057762326487309972878
0.01617903640373994853
-0.1045448501840205574
0.047303392025964854928
-0.012057817773086950547
44.219647467997653223
10.110090689335171632
-8.734629858647251055
6.8847268142200821472
-1.8294346110553747486
0.88275092424972723126
5.306590640142374582
-0.90341738991028042172
0.38584608024803018766
1.8434868768147891771
-0.21403446704297901526
0.064322200337925086733
-0.6320713129401920316
0.088949767835060089549
-0.038255497689687792406
0.16958017757514184942
-0.02978260760999815529
0.0059658749445732914621
161.73997178493746674
1.8136168061930235673
-2.072937524630184658
2.5990844300735700401
-0.18498426631883693738
0.23533316843022911158
4.4683649051522484896
-0.09182047271300872171
0.12263758547894186568
1.4815744183482952856
-0.024710625597716834312
0.023083578587919567626
-0.48402727240214016291
0.01316736239844318139
-0.018926793674981876731
0.140775781451102866
-0.0058434761024100155893
0.0059770019093084844272
15.357291663168572526
-4.3224967422252964511
-6.4113423859226328361
-0.38040985536539173584
-0.26857749879989722963
0.55007381123003440404
-0.75278404324490955091
-0.28163190527249509776
0.18527889228062219273
-0.59599850739658344345
-0.10711954553557179182
0.0099641403929699931541
0.24861927503013497853
0.047299277531769629013
0.0061046658428943190167
-0.11678842627319961645
-0.017585912157907591935
-0.0064287604559727156914
202.32858911041023475
12.990853791861647792
8.7571464929586468884
-2.2336247402162419107
-0.52343724502827204681
-0.43408853340671993415
1.0728716819234385138
0.36920030326833547241
-0.33126906996330485189
-0.39479857592223732698
0.23548122812767793843
0.01360247551588680652
0.29378943663665074704
-0.1181301706183633532
-0.01766433040305907462
-0.065583857309112897349
0.073516312077414838755
0.00090151710905849336431
115.03234856498602312
-1.2779933639600471462
2.5255137826863407469
-1.6743522748878680861
0.14832758964993228434
-0.13660288791925326302
0.21689503230233264652
0.11349863457674869149
0.03263238248994926316
-0.23468250160569453788
0.044503549213114952654
0.043475921358529810712
0.17161270958198665548
-0.012429880040731347904
-0.018946370738804962225
-0.096599138532034431459
0.0068170339923468627891
0.020810317780836862234
-189.24219679187120846
18.237301802903935766
-8.6797568292358686648
1.2034890790936287885
0.14247240923700660309
0.80851315537326606808
-2.1369343573495300781
0.57126994088034777075
0.27296129748668340742
-0.42275780903915372022
0.2658858514653109073
0.013672889295992475892
0.085643850437092008954
-0.10339234945030592594
0.011077157408493113269
-0.0072537120217188687243
0.035642251526182035237
-0.021592773455292490342
186.01723749907193906
-5.9364598359440794439
6.2470677661096019051
-11.322772354254894367
-2.2080724016490944628
-0.30520236661766264596
-4.1535093584346611806
-1.5861515338992115964
0.064317378133375374683
-1.2235552593839891244
-0.48018664679402672801
0.079883501001376464035
0.49092499761594582397
0.17950493286487884115
-0.083215824841376087595
-0.12390458325139164231
-0.045340562280561623465
0.053694118255831459197
13.080122164097129911
-1.9690292674941693996
-6.6010959788197736131
-1.7056303098100751292
0.13977902726827987068
0.51587892624381537221
-0.70169879220128383857
0.032097347061130342138
0.14611949768753829115
-0.053047408769298219633
-0.0058232085040199913981
0.00092611911248964844286
-0.0060454563291451731896
0.0029063720666657019871
0.0018928318088862066976
0.020744481332886033353
-0.0035946661562790442265
-0.0068779977425350510845
75.770565110349835436
0.71603410438419723416
-1.7147653070262531827
0.15397686477585026399
-0.15726430989480522094
0.16215522580966140742
1.3777189232643636263
-0.098250539157026153814
0.063736971579661405585
0.4329812225707527773
-0.029919168501717986058
0.0039657963050917580117
-0.13487774699253868294
0.013533793006073121731
0.0018641753498870900375
0.038062433795387540236
-0.0062685834500254651244
-0.0029482881643817966666
