POD_coefficients: 218
-3.9953549038830740159
-55.873587399466110526
-27.499590457213063388
-6.6849448975442271603
1.1138569623735095071
-0.048602314564894388838
0.084683988678962235364
-7.6537772721724648406
110.69422031526877959
-38.060711557300209051
59.972256409831999235
1.0222373457146836095
2.9143885422597799462
-7.4666717097188506358
8.5323711164909763482
-3.8393758487267808377
0.43034363074512449465
-0.62580821258185759248
-1.1346609518446753029
-1.6323261274832376877
-0.92265846413191887621
-0.14437872292442194277
-0.014830425617115037401
-0.041690762918545870575
-0.11327023519448656264
0.025952706021208631071
-0.016069292760921147917
-0.027566405581103507749
0.030699556452678994356
-0.071901857915567773949
-0.02230720122944429562
-0.0033867557720461678554
3.6112538555586919387
0.14110957478352703642
0.14762725236648027716
-0.074813060320124774583
-0.48615499676598922241
0.57801850387861142266
0.14117862498347050204
-0.49918053969004438919
0.029744312477108483111
-0.063366626359294589421
-0.23137697244249247341
0.29301451959336255459
0.14766661215826692999
0.029740759262106973571
0.068457697169781756008
-0.063575045990743483948
-0.043507725470212088581
0.064906130161537692325
-0.07504408200536956397
-0.063385695531956220972
-0.063552395902694222563
0.043968833150597567971
0.012144352765041104003
-0.019508410942693180795
-0.48630357842921423384
-0.23129587591867370455
-0.043518033739914085967
0.012158770594327721754
-0.023157541107706850619
0.039598563442054153516
0.5779296696972784364
0.29315185520425735
0.064906958863104879942
-0.019411399052870037529
0.039727084084239062955
-0.06717759943385927246
2.4209325273822721591
0.30308616962880141621
-0.043282038803413372396
-0.19329861059418296243
0.029473326469067737121
-0.30923952953668165655
7.6325271436221591159
7.8943509131509550514
5.3156662236514424791
-3.3695229123020080664
1.8561669811611725134
-2.6984498411632520387
1.8355124614873841171
-1.8287016924169428034
-1.4133281827210988357
0.18129329783114594976
0.41642430493881776865
-1.269389041309323396
-33.820169637672769625
-10.717917638266010627
2.1216945651498009262
-2.4146559314245266137
2.2470386164363578274
-3.6252736628394393037
1.1444317173597797765
-3.0587378926718016281
-2.3258016282456988044
0.75302336870824004844
-0.38359923137046419983
0.31938390145349665472
-0.027050937945263545115
0.024397307854159624996
-0.039101440716221305682
0.042351162361583524762
0.032907321444824368106
-0.035475138685501256264
4.9526326375178140182
1.4013215817951478748
-0.45970212017074585376
0.37754796656469946647
-0.19399031267931318712
0.27933480988453129878
0.09264871773193079918
0.19810436144016990712
-0.0062815151933102693696
0.08616262311730971124
-0.036001447002552491861
0.11533583952057939459
2.0107127462944012208
0.72782335938613207382
-0.13428035365664572898
0.20059112397787123849
-0.14169590076029539572
0.23322225742944072135
-1.6436468354434783379
-0.40318189784405567
0.063695997633992154641
0.0020487601896468101391
0.048390429877757185073
-0.0602826261258707502
0.03974816264653679293
-0.029385337309105797471
-0.038039489256180086807
0.029376083387988471962
-0.042093900276356149837
0.074002747947278929574
2.3658560412169351572
0.79066511183190724132
0.0027836428681852353091
0.0002202056270983781725
-0.048429116348304053485
0.073306848425897297439
0.32816025181882235717
0.080979948363866349759
-0.018093607421357099652
0.0185086670881898889
-0.052568061564976238664
0.092992970746904268786
-0.26591395294384251313
-0.13138694370451423077
-0.029116615729732103074
0.019342467477826873895
-0.032924966721391349389
0.059484050702192134419
0.83837743883472315432
0.32626133932314904662
0.029410975064880977986
-0.0061690471598755463808
-0.016658107131046418631
0.030108713302917488458
0.022133995916347418143
0.046516652222758914093
0.039659401029266412586
-0.026514449241945330787
0.019755821697921525926
-0.032650045197073818137
0.063994061236357438482
0.027133494250010981724
0.010941218328020405059
-0.011602563734885544544
0.010804382358426891861
-0.020016973735319267685
-0.2647963710631042189
-0.057806564053101486267
0.034382303112221700159
-0.023686823076751288564
0.018529640974321019697
-0.029378827578877778764
-0.12816409410464976726
-0.04872978304268741484
-0.0021584257676181216844
-0.0015631448542185793701
0.0049964099031732968348
-0.009010171458530297911
0.12145224872412489769
0.065911841892676292787
0.02314750231628522753
-0.014114709891183666382
0.0094639331234446753827
-0.015874480772043106369
-0.048890909687127656613
-0.022069031705045573377
-0.0037466148063456145186
0.0016071893337386037801
-0.0015719936783701812539
0.002634495790119983482
-0.10265204684104935196
-0.039461669862567952394
-0.0025053179349495188072
0.00031322408717316454216
0.00020620119353570424037
6.9318872060467926787e-06
-0.15684744667617900316
-0.06982824071845078473
-0.013129352310965408321
0.0069099098569331040068
-0.0053076846623569115188
0.0091497149229861091807
0.20011340404265942627
0.079943897779018072147
0.010091699747111238308
-0.0046551842820415851101
-6.0037457722345094404e-05
7.5479220504858635229e-05
0.0074954793314790137126
0.0041270117350515507504
0.0013438112407670838814
-0.00035585972429006041849
-0.00088507422226961440619
0.0018519426726435943373
