POD_coefficients: 2870
0.6339005593387604387
-1.8256842664222066031
1430.8714365405839999
606.79408485570502307
-247.57586693810310408
-111.9357864549303514
6.0924650007572802579
0.71409128869586846466
-47.125072967593276019
20.409392052750277458
11.59439311717987664
-13.095618936867710502
7.4678066296819887171
11.505642998718627723
3.5107482362481845506
-3.7499842378343632987
-5.0257797277487181731
0.077023349154071635292
1.4859877674843455786
2.2346849638238812652
726718.27583384152967
248148.39536517430679
274880.1603637879598
-407919.82913033949444
-7008.8823531134994482
135402.27982386600343
1032398.5475157256005
515465.02791378251277
428577.58574201073498
-422976.98462082771584
-419980.79902319284156
-29289.725652572535182
-16010.154105046474797
410246.29436476330739
296598.49166478594998
-280556.70132819720311
-233105.23959773371462
-5466.1776255927443344
-402280.074552521226
235276.21936523259501
320719.89936692529591
-213343.22877041684114
-114114.36034455936169
-255910.8229019283317
-1494108.5830384662841
124753.92355237599986
13711.630151714518433
-318207.0427435982856
-132336.55087857542094
107759.56644530755875
-200.12949616211955117
-125.8441248540982258
-200.82998782092275292
67.035412773977441248
8.8744150240836106036
-144.2235918019629537
-540.50295124858564577
-328.32895543492611523
-211.00383816906764878
20.089387515877483281
264.55814121422542939
-162.78023174311360322
551.41352770830280861
-157.10982299034662901
-116.25444739333448751
4.4249465685622055844
190.65320428291565236
-55.850141597987345676
459.42505005640441595
-60.45183961679329343
-125.38784330675531464
111.97239896797458414
108.71390434768190403
102.08828569195139835
799.11349377740623368
-7.0890264297998832888
-7.6469579244224439307
97.513761897766954689
44.996608644009938871
-36.830500445625389716
-51.516916371181821432
-6.2291512123624528385
5.4254339067578989386
52.183366935068704606
0.52415479614984950008
16.696647932490151334
3.9715438315507691769
7.4170642345994783895
-15.974495956495163185
59.927013133509447584
5.4720366357996912399
47.367307468621312694
-129.17038722548844021
-18.835748725492255318
-18.268924732669439948
44.95188915152575504
-3.0027254427084644206
12.889095551188596289
-42.493916338497434992
-19.439428988302640988
-20.142909885122708857
14.667649462189721987
-3.2860604741578813837
17.193783318698827145
14.515135428474527757
-18.331817138216941032
1.0187270319350842929
29.29497304432745608
13.263525046313811018
-9.3179771016127972416
1.6382290082313217816
0.35803706025544090874
1.53835317441593733
-2.9929958271324355046
-1.9030109816993503458
-3.9687061286354596845
-7.6160756154434618992
-2.1107927031050901512
4.0044373168820737163
-1.1474646643839669924
-4.3525750789449624278
-8.0433389453266865843
7.9927474737377375291
0.80085405606197246353
3.6291854880219234225
-3.4113685446477046703
-4.4734660940832080556
-3.6347941023059666676
-0.014161975120248708818
2.172769177332893431
3.257160055691557865
-3.4033654199403908791
-2.6217907904694679466
-3.5623435994542473892
-1.6315463133581216137
2.3807495438217514128
0.10061222506002304167
-4.5047119301991696005
-3.086361722377027661
0.57387156012013940121
0.29727803508040900882
-0.033359754914249369062
0.43350631149297791378
0.48046917570132824382
0.34780102165821835669
0.79531490742743160549
1.4470490666050119799
0.40979534245262350112
0.61351719995714804057
1.1179767169836767327
0.14716620873309993467
1.1253631532525931735
-0.7388109909886979576
0.21378983520270550267
0.50103646932819589921
0.3834041743677205627
0.33001038304771440623
0.76215321779774691802
-0.36081011845985400122
-0.20453140052905682822
0.35516368093192229871
0.56257153754050759353
0.10496713354594572332
0.28589678440082733069
-0.36057045742910648345
-0.23564917201970486671
0.29007225168675127014
0.35988519916857036884
0.20685838639089171309
0.2000412034510461734
231292.15840891440166
-1145828.5313283368014
-5738276.9110388988629
34733.830124692161917
-480.58484404368891774
-25270.049546460839338
-8342.5754366290402686
-4474.2390912273567665
189.35675987723439562
16463.755817434732307
7357.3898285547393243
34353.898044298701279
12887.381646175324931
-19142.002986228941154
-6439.8639331903877974
-1252.8598163998894961
-24073.364707375571015
-3585.3204295176597043
-333790.08747426944319
276094.41122173686745
655735.17683560505975
-9675.5449601543259632
891.6129058980299078
22286.895667598884756
1296.7096686491390756
-44.635443649249495479
-8691.3960129125571257
-4607.8337921698866921
-1098.5856954775922532
4230.5275688348292533
-3069.8429522402611838
-1060.0909046741303428
466.21055742319765614
-1090.2039612934167963
-1568.0147916770872598
-579.78263580769896635
-622035.98898370959796
-34596.59843892162462
764535.27816278417595
20212.060475561069325
-2202.5310451277237007
36587.77631393269985
6684.9885243587968944
-777.2039243094785661
-18368.276916015973256
-11191.665540872038036
1082.0109783571783737
1459.5671260901747246
-444.19647362259888723
628.554071164619927
-3783.3520793528723516
123.14278066400716227
1695.4849264061840586
-1371.2075712965734056
366262.88771622872446
231366.48585504904622
-1327634.3019202849828
13637.747927703301684
390.87677416582664591
-16740.646408803753729
519.03831504002425845
-1073.533937880942176
9217.1253227817051084
-1334.7014087230827499
320.41065265219231151
-2095.7574560934376677
2893.0611216981474172
-943.63085420842151052
-462.16132921633044361
859.59491466790018421
-1463.792694477545183
-748.80688106942159266
1160332.4438780304044
52706.364662344392855
407178.9117502720328
15197.888519126039682
-460.48012466513182517
6257.8806518927476645
-13518.38510399736515
1107.9033861001796595
-6322.9595320978942254
7723.6292409967736603
-1845.8945921151519087
-790.29200404014045489
1291.5590758041942081
-715.54240775443247458
-4929.0075078756271978
-383.1748023707361881
4528.1871490757939682
-569.19863929339305741
6041783.6689458340406
-1056613.0201174675021
-1499100.2688939550426
-38845.528924116209964
8373.4711796798746946
-36311.982165970999631
23644.972068581770145
1882.9198198884037083
16532.809702734019083
-10008.510440692791235
-5186.6611057719619566
21304.793933097836998
12128.107394061113155
-14171.598299741208393
14425.091616183181031
-2740.8720156343570125
10715.517279124647757
17251.970853870534484
-35999809.744892850518
-4956036.0459742797539
10406711.323516853154
791640.05131987144705
-40598.192281260991876
-894980.29864394885954
-96536.044270577127463
-91285.421822295611491
-136176.1492116417794
27707.730471108356141
60199.30600320508529
81911.639653150094091
-74157.61364262655843
-21243.217099381417938
-28698.60230491078255
-115183.44025506569596
30937.621808286658052
84960.828420665086014
-27264599.37832191214
27760754.172172944993
-21417167.446337036788
932805.9136831657961
-271801.13495254184818
434438.54511631978676
155510.21399714343715
27319.403523610646516
157108.03583144678851
-106330.55507178039989
-194675.61420539126266
349.4948035124699004
161104.56950013915775
108366.18368811914115
223917.60026068962179
-80385.26142538448039
-72890.388606676831841
-78255.421484468824929
3197594.084774336312
-69229.728537863571546
-2076517.59106709552
-107815.10409365952364
7735.3237639392773417
-14355.489772020642704
-14232.542519616128629
4388.6693618972403783
-40514.010544211298111
19378.797865358552372
-5015.6037718150846558
14822.48320120668177
-3439.7831343312122954
3008.0055445598040933
-10460.597711500249716
2792.2097672193972357
582.67412938641587061
3609.3683398907910487
-1704259.2904666026589
-954400.97299249237403
96078.809975028198096
11050.108302494298187
13005.408459511003457
-34011.05049724545097
-29419.407147899357369
-5299.1543136017771758
45108.029934924386907
36791.663260108609393
5285.2649237816194727
-39820.505619617062621
4955.7194451324639886
-8606.2503720837594301
4054.6437259939466458
-1227.8446620623021772
-6005.3310206142432435
658.35881576150427463
-18136629.973857183009
3849384.4351070038974
-41950270.945644952357
164550.58121509780176
-249493.22403237462277
1449076.5933263637125
61731.598480429536721
-53317.407325328153092
117917.55321299622301
182576.21797400023206
-38475.394092280461336
21185.027473526515678
-109355.75659738770628
55000.916892044035194
-43479.036602541120374
48219.564465080795344
-6574.2346117727020101
23509.160161035804776
-16166364.723237127066
6548304.8869634959847
-311905.61060081259347
-451099.8110990197747
-145508.26605391743942
352148.12956271728035
53126.815881867012649
57688.949668114961241
-186112.18206741294125
136057.08338381772046
-21722.870013314030075
-173079.30478138418403
116545.73575402965071
69885.615818190170103
-14758.480913716179202
2893.6322102200833797
-10516.701121586538648
-35166.086168258669204
4328046.9730658605695
1008557.3354451495688
-1766358.174126832746
6345.8589557373479693
34691.007889661632362
-27048.346632198470616
-22024.196641518072283
-5749.479878009073218
18262.241079467043164
18781.918136030039022
-5370.6601293073917986
-33580.469320443153265
13092.615228557391674
14126.577563401331645
12875.628052389876757
-17652.703390384565864
-14290.918292662412568
-31028.912878823350184
-81052.845468245781376
-18281.879385294567328
2695779.1981642455794
-79950.310382059717085
14310.334866842027623
-30945.620703726235661
38294.055650917129242
-4948.0214210583508248
-9700.0005709535616916
299.41873356287254637
2066.0240401739583831
15003.390375054092146
-71.033993116421342506
-12.764702934789697863
2207.0668919336308136
-6710.9173809967660418
18620.958773890259181
2075.8076368906554308
-998896.46359020844102
16003.387585165846758
1500856.0394931547344
2399.4791105380827503
534.95575385600443497
26706.089705382193642
9740.3431310332744033
-98.383702701849813366
5697.3918572187321843
1781.6017708549691179
561.66746162700815148
-12502.207553440968695
4978.6219961423776112
93.079384452715984821
-420.18365642315023933
495.53066002883241481
13602.499439233288285
2146.4706460840175168
-1168021.2510348095093
69457.117180193570675
-533627.16150935483165
-32821.248642380203819
1962.594933216147183
24090.364556378925045
18273.149888817744795
-344.06994866681469603
-14416.863285858771633
-8137.4988827447268704
133.82651655806921553
8933.9584467484673951
-732.26012443249817352
-313.4636883505958167
-934.26441701865508094
18.730708087599616363
-13174.937776670525636
26.896555578596323954
796204.40989849343896
-490892.49257713335101
-6502.479929102863025
-26985.05976225428094
-11474.74510590826867
25635.658745347958757
-10946.626186081348351
1207.4106077203750829
-19943.316306974862528
22874.059232459840132
-245.6685289523715312
6497.91025722525319
2224.9472599014088701
-11741.580238117097906
2404.7344766381766021
676.43387284172695217
2285.3979811492463341
3547.3557734859678021
-5552642.8336462909356
2019432.6859930811916
-9180949.5711189433932
44773.590591168423998
61174.765150568004174
-110488.5258206663857
-19291.612994394719863
-6939.4627337090269066
-25073.619942357607215
9012.6884748221455084
-13656.932872719422448
50970.645716747683764
-12535.522869161559356
-34705.393268037223606
30227.696043845124223
-11162.912665858635592
47710.437253453819721
24334.605969063199154
9281411.91989608109
-7983003.1617518123239
-1555607.1489250597078
62289.302623656207288
58677.4877375602955
-140292.98117505264236
-28022.432446491508017
72661.893004621160799
88223.80113550175156
-4108.4113629267340002
93510.852773496269947
-13991.073627729083455
-41363.954326037855935
46222.924827375529276
-2424.2134337412985587
11270.319706091800981
51634.844243270206789
-24507.57410781566432
6045908.5696903802454
8757553.4811526276171
-5071916.3024638211355
83943.818062523685512
-21570.65117304695741
164139.54297847105772
-32696.449063727675821
41179.429922018709476
-23875.569454560150916
-73321.080788318286068
57132.91760201480065
68691.08230915988679
-49938.85199476643902
-79344.162902645635768
-24122.22760474385359
41188.805306251815637
21247.45461823702135
-60661.988102227798663
736000.83653271140065
-296140.67235223040916
697128.75307559955399
-22597.302226804116799
-2708.6461281756419339
-6936.901917092702206
-5458.930175110570417
1656.1644881676302248
7568.5036919843059877
6604.4265470951968382
-978.22038970743210484
-887.29982742457400491
-81.565938807129711563
-690.45589249177976399
3820.2080235865259965
992.49533761017141842
-7179.2608025401441409
62.237262037479069932
1094152.1393215914723
183632.45658479019767
1631216.8114357297309
-39403.858071831833513
-131.71111987280272615
12930.0266023995664
3094.2237022389986123
2014.5879784482779087
-6440.9731879810778992
-3288.5260859929230719
-2898.0860242342910169
-5340.3247719680302907
-4092.5395775731717549
3333.6639272412585342
-1702.3609890824166087
2509.9862165826280034
1252.1283585883884371
3109.373870458608053
8155977.8495654780418
-1317885.7588603629265
13402832.172106845304
69948.180438681054511
48144.276356985690654
-430245.45559902029345
92345.766320009846822
1977.9935459544053629
-104105.61224684308399
-25014.612121108162683
24942.286324498265458
-43860.631721537232806
52275.978580705806962
-46314.357319662085501
27924.322144546487834
-43673.08614437381766
8105.8231985357115263
-1416.2298746325259344
-5575670.097942664288
-14378023.22477036342
13648343.365387938917
-123464.60266419853724
371980.4744569939794
-90582.264115866535576
-56947.757380589857348
14908.271477456446519
-24536.964076441763609
93091.541270153509686
15565.226249182891479
-32642.449834276609181
-52231.512741313039442
25654.80967916843656
-132156.70064673799789
-31164.838583131138876
18544.642318405360129
100317.67708130547544
-15543671.89389622584
9988578.3232345189899
-9919827.9244158193469
-33970.840183042368153
250144.24760226524086
-66569.457780415847083
59953.586321053873689
-45847.31005710305908
399476.31277538533323
103872.02942090235592
-78448.663083796825958
54857.874947810058075
60974.393079218738421
-50335.556377194603556
171844.158064095187
-51838.710295582852268
157118.2354210880585
-44322.877075852680719
-699886.21569949155673
-365037.39068374317139
8406446.6517776213586
-165157.48859625816112
-16702.497700365402125
-86880.569499151722994
-7728.0433541302190861
19177.743014761406812
-71717.589570594485849
35478.655154115811456
3500.2987466839463195
-40648.396096634685819
-15319.781281550949643
46773.6958613840834
-45608.725720866750635
-16394.053038955109514
-531.09285214403621467
32998.919849270365376
1832127.5159668596461
-1180483.4384889323264
-3519265.9917017384432
-161200.79656734620221
28862.818925112038414
59776.773517224566604
33815.804913187515922
-9263.9158161873619974
-32598.024795634875773
31837.202812397212256
3272.5287703055778366
7250.083921165159154
5116.960124914874541
-5675.8391306494841047
-8775.0852857460868108
790.45563746767163593
-218.43284137840345238
-6970.1207774818249163
-2161544.0875561363064
-1561259.4733794240747
-11633127.319719420746
-212354.08749071505736
21153.689624896323949
-51020.489062723172538
40288.162504173800698
-1813.0913871832310633
-42580.272349097147526
33217.077831742069975
357.36590159879938255
70570.905404631208512
15813.74790825013406
1067.4383101226444523
20954.388814563524647
-2218.8222475918546479
6036.7902772484212619
-5389.5421190355637009
-8835910.0094219967723
1605913.0440118496772
2176950.1178205930628
-26686.254258345798007
15722.651987953382559
31571.917514766420936
49902.502003232220886
-562.75871209597539746
-55193.838628546378459
68311.618571893690387
117.02589182348201291
-22680.625754066393711
18931.453578835782537
-31536.087791627003753
-20107.706994211446727
4846.1732692154810138
21212.052615744767536
6870.5733635599553963
19257627.887783396989
5325338.7676764121279
7326887.3075991943479
436009.08092472900171
-128888.19021444823011
-368542.24909292982193
-11528.405422736508626
-4492.5887803059786165
-12019.136224557259993
-136813.40833750224556
-816.88270363800779705
4397.6620919802307981
-28894.543783814217022
29112.345651189127238
25267.209368973224628
-37289.953433211841912
-33322.279083966473991
-16455.936885616676591
-2310.8665652379872881
-279.90384672872067995
-1529.7148916278674733
-10.50495119744601169
-0.17853687947982280204
2.5626462943106065318
12.418552877964776471
-2.6869758822326783587
-6.8699135919007163764
4.1650344699637624757
4.0086157801614046292
15.519497254706413614
9.2702720978856785194
3.9074394350906707096
-8.5888545434289955693
-1.5035861782353101557
8.3237400228304743166
-3.9836585642129058726
173.81629244081747743
221.63634508795905731
-594.19724784200764134
4.4972966960996894059
1.4788567174173943286
-10.530666934609884677
-5.1952365781838558689
-0.52591989772125247171
6.7572433645908471789
2.7037366361048613683
-0.2064885557250984438
-2.1163464844875634618
-0.22149766430390030458
0.45785429484283296508
-0.17788636461820794832
-0.47585839188751455353
3.1385077298839920701
-0.048722117177609484961
-172.50385811576728656
10.701213242572796602
-632.60373588964591818
18.790541239570828225
-0.11084589844019586413
7.545003381294022482
-3.2209493630595278368
-0.6080308245714599602
-0.53663547236457120881
1.8845532408569340976
0.90754696712303062345
-4.8429141275323646099
1.6218366849881082903
0.47499153121292969626
-3.5053643316831726295
-0.30200131759648435326
1.3665427000721857009
-0.8465889388523293313
-558.3970450562037513
76.255654200039643342
479.29493821067848103
-9.2690496639875359364
-0.86790908181298764834
18.87173277895787038
6.699459447611319618
0.064343724208281827259
-4.8928160325933083286
-2.4759226895464814255
-0.035831260242923212989
1.2406737146367483593
-0.24232221106085638507
-1.4290712569469550264
1.4252070911810117426
-1.9335223974009865255
-0.21946143430217418535
1.4589411802334140145
-675.7286701901507513
163.01613974507765192
-263.45843483330094159
-18.459668160562927142
2.6462010931079156251
-3.701343378361856562
6.4170825303801288797
-0.62506141247828372887
-1.1591503753417338185
-1.236393092970253349
-0.19051269949385893354
-0.41700834232214561981
0.75315467273576686136
1.0107777201571574999
-1.0661061961387203745
0.054581229999905313266
0.28253031470071632292
0.96033944239228630213
885.93506793994265536
287.7925805711354883
-779.79393237891906665
-63.570505817969845452
19.259709462385959711
15.23272045136053876
31.821619273573269027
-6.7743219620063594988
-6.2553359686348830593
-9.152242679720460572
0.70668188951868604608
18.76994419291376559
11.16033686709703332
-9.8753929110926339519
-2.6660084898827443034
1.2859536299284901606
3.1950238861387796341
-9.7568497916627681121
-30052.136274642783974
-12738.621945370879985
-5043.4211616227412378
284.48339374029313831
-208.58358063158590312
-549.53529605470782826
23.722509375928559905
26.972199741331642997
-73.483886043329093241
12.418639778815714791
14.374663635828257569
74.036739500873068209
85.243924217869718518
32.911318302079571652
-30.002237590570789649
104.75315204190592056
37.658259875652959181
78.406106703317760775
-11357.902232422591624
18036.561738593660266
-2767.5910399004478677
711.63766394170431795
-87.691929565282109138
582.87604860385192751
15.371474777807387468
2.0411205738248430208
61.28891599908413923
-81.433823795350022579
-104.61217502174505967
-92.288116826588733943
12.914621194572596607
67.425806789685552189
11.188630846845123656
-27.983689253206879499
-35.605318356647650546
-40.125320958764888246
2059.9114627709705019
16.392879946748678321
-3508.2094544692945419
-81.650355603058329734
1.5478581847277104178
-57.710583230951982614
-0.72133479182786330863
2.6730960014840263739
-1.936528852358643249
5.2142603286324646916
-3.7117534973386927533
31.227848093918840533
-2.0943329635172540648
-0.32883043525357491532
4.5033128554218313511
4.1087786592456829737
-6.8009818050461054995
1.4601860809573583566
-3221.571099840813531
-531.16696934652566142
3716.0469083123116434
-39.912412749591737793
5.5720195619776058393
49.522980553472557119
20.379627945424360291
-3.0948073520382477497
-14.18294263131814148
-3.6944536831956864553
2.9997297735457983947
-10.552479629162981212
3.0432232284436437908
-3.0175920152122683859
-1.8947075198468228407
5.7141751582355730932
9.9209298478022009959
-3.0746816342736420502
-6376.5379576696295771
3896.8530863550072354
-5232.6251468334785386
110.47722061600198629
-50.590840666604648845
535.82468131451162208
107.40515002214002038
-25.030555763481203257
158.74472639360291737
70.575239511255077218
-61.97301687157090555
-23.350870204715572953
-17.778031124074562541
41.240274640184217958
3.1270863143772187343
23.347438210203542042
-10.37341687502771137
0.13263603152804290253
8345.0380940863415162
3815.5293734122501519
-17182.844025407295703
-221.0390506142528011
33.215075513100110527
-5.6592233371675542131
-31.499667629740741859
25.283873173847126736
-112.96107237320740069
-13.521778073822957822
-35.965830940343451516
22.278424976932598156
-58.157492441639675462
4.6247026202546805962
38.831043622638389934
27.742168038791323426
-0.94038463719724418866
19.61685167332225177
-923.03813612238991482
496.17220108192759653
2506.7709943216068496
-69.43183979763605862
35.208411719079741431
103.46423264945255482
24.850213947364693468
-8.3759510631339679776
-43.316587933254730558
-1.8617902328381756849
-3.3640170317503872432
10.095073737118806179
-1.4963951994340816132
-18.893233213831244655
11.97498823736026452
-18.259206923739281336
-29.735081210725514467
-12.634184486599918884
1986.1397870913631323
-192.88659634592923453
716.99930313405764082
-7.4222165159688859859
1.6127906797538953398
-25.625002239106116519
13.678387448019687866
-0.36800707293900675188
3.2281394032857462228
-7.7126119328580857726
-0.36810221648067154021
1.2131821009192822469
1.5480960430142671758
-1.2980492548322053459
0.19071685635418669791
1.1144881933342059011
-1.2649969822839894906
1.9790478163703106862
-161.48052225055189979
-62.84680345780027011
1340.8091378662816169
5.1649807310946176386
-1.9028917220811645272
16.001391595170595394
4.0210673249254105244
0.51355611130395828479
-0.35068669495022419813
-4.9554976577047273878
-0.17364309566460278678
-5.8279155946870915272
-0.082261781140369527598
-1.5459856858133977919
1.3483833999527412573
0.0065689740780784985213
-1.9146389271037160817
1.6697728778688902818
543.12658398459780074
23.08693472860251461
-1223.8845553680118883
-3.3054974859322610037
0.66001203737053804055
-2.6361994420033645348
-2.2178746419074784058
0.00054793459095224658541
-6.4398808359043870908
2.3193720843034699719
-0.36324922440252915834
7.8903005113511293089
1.3770720372895823846
0.35131148427109953891
-1.7765026700704142915
1.5329701243126681032
5.9098449846785330308
-2.8678941442382206439
1001.0878531587271709
-49.524181475538966879
-1203.2671271840952159
11.996896116286755785
-0.82862719825667630058
-17.021882122396615244
-1.4434407918333413967
-2.1631742386275871759
3.9908895358832809919
-6.7876553327612656474
2.6075090201520709776
1.3765033674620479331
-5.4059948460261519898
2.080308192544471968
-0.66972490514770255388
0.34109260698385790445
-4.8606214449119358179
-2.2264308475323231207
-1424.4831394053780969
-419.35861013851871348
2012.450703068081566
81.076580640284788615
3.5417603054756416903
-16.143835291803068088
-7.287026236732461193
12.490165270006157172
-31.308362319958217057
-4.6051194096778118592
-7.483942939020773899
-9.4954169610789929123
-5.1345129895476837589
19.208969343415176922
-22.229950220729595145
5.8270193118527116027
-27.306029136651460476
5.3596972039983121761
-211.75796108212921354
-3419.0695495327581739
8174.1413319991124808
-86.65716261231649753
-52.42455940216112964
47.594261798698958899
49.222208526560329744
61.019549781724585102
17.52284814287324366
-20.002492732104059314
34.165129027586182531
13.993984577934799773
13.298457168164313558
-15.334260011042839977
32.311796563648108815
55.317717942830277877
-38.522423615442150435
-30.082845322746983641
-5079.553221034240778
-6250.3128605488145695
-6581.3180789829957575
130.33258196998323797
-104.9276711376285931
62.752680925589579886
5.0735509142820420792
24.024329534801690755
8.9050239573510161506
-32.109333187647933983
87.228660724799269133
16.468314840602158
38.29975382338317047
-28.555845354412173975
0.11198120191325536266
-24.244709264251678604
21.821936843573404019
24.992708065004752171
-813.84391433958171547
-83.689300801552505504
1169.9089705217202209
-33.541231980520457512
1.4992119422190235412
14.249582704446316583
10.719131049003534528
-0.24719575085469569498
-1.5434906933814274144
2.3302730853259023824
0.206722532951946536
-8.6478127375605104987
3.4895484758039030382
1.6668852446836306402
-1.3580898212922478674
2.6369551653120524293
8.3216300005873833356
0.46519076445623758209
1121.202317663463873
183.09432389091068671
-166.66442115042667638
-7.7867317206624244719
1.1489261555617440447
-15.267885113249752393
-7.7917137657761337266
0.75576623078198490457
5.9262682544669926799
2.9728644872403342525
-1.5726576309020101618
-3.821565726253898454
-1.9452997813378651859
-0.36965131557795083417
0.55000576064989392666
0.16957118161494627584
-0.45175978484799883539
1.7641567583186839041
13825.489200143929338
-5275.2626967729938769
-17967.920263252945006
-232.98918467243163377
33.566637622346426895
-16.509466575512384168
54.877945646635005517
10.460303768500548216
-156.70862203737056007
-16.722634416386128464
23.777045958894380107
18.092903065102699856
23.926428362446795717
6.0384055382705392745
-12.341200180365746064
-4.065692476751527451
-0.88747077784752537166
8.7151161916480912595
-9284.5625316643836413
-5872.117532692941495
-3301.1312996737874528
-23.93932076526501973
64.774032298121426265
-152.75558202051200851
-19.671426647872511495
14.836505227393491424
7.3213526082718427546
44.859165964496540369
25.564039819574482237
62.068426489075172015
-22.059666090637005453
-17.720833648940285343
51.077466625935883826
37.141312010622911544
-16.253167478852638794
-40.158062983609127627
4832.7921081937493
4855.8548287221337887
20028.030499028103804
187.28461402648363787
36.422734904442307879
472.44919355970688457
-0.74223343320336521156
29.93372850390276696
105.316864388300786
-36.116461388914892439
-55.963103567166619712
-41.102352739533976944
-68.467884473733533923
52.570531751124569553
-34.466055434214382558
40.400010194791200036
-110.44632519183920749
-46.562914981373232592
-1186.5127974216775328
592.15980399862201011
852.47696736292823516
0.1878010499340804218
6.2175222926510587129
-240.38060595678371101
-16.483695628481502382
3.7906316576418048747
-8.9329584206510102007
-2.1592828822734126959
-0.71580770999164500257
55.376824908569162176
-7.3218274316952340897
-12.815026683752543946
-0.42865996771934927745
16.00876660039948618
-4.4431682383812081127
-4.4837259472308756969
708.91527363649731797
-1132.4415410310223251
1433.4291469887014046
-69.651985425201658586
0.84914982422898688252
54.248449157042671231
13.099118496056586736
-1.3203192768039524463
1.0182247205552206193
18.652089705546359255
0.54985802865452348964
-26.934619705514851518
0.69848943869848234556
1.7379001918717356112
0.85816609351275463524
-1.2559695299832598359
2.5988748394741132408
9.2584137270365989281
2766.4131345715941279
-280.22747808124620406
2701.1083097538798938
-2.5139833446130439576
18.276761451748942733
24.400388600590819266
-16.774403541455274791
-4.7822590034237162371
-24.412090332154811279
-9.3409804479123810239
0.62220838421595436873
-42.122510033045600153
-1.5908415215396243259
-6.1379433147905171353
-13.950613093114865748
0.57750397691383248411
7.1647715932240600978
6.0408485281753376839
2260.5551825619209012
361.98645516873818906
4453.203046615400126
28.178416997161303215
-10.684473726999817345
-190.20556097763164871
15.671964308922827769
8.680574440048825835
11.752278912574222858
-1.9974490720798379062
-2.5619040152317666958
10.46928825602518387
-13.468385167205569886
13.740021395214661482
10.054149345652316327
3.8041089080846273163
-5.6803287967759397148
-0.77830983819444232719
1133.4942026687137968
-2102.150635857303314
7284.3897460049665824
-213.14607372807554952
36.330021925459170973
28.292916759433623497
41.736009490680579859
1.948796132090981903
27.545971195215418703
15.069411572852915882
-8.366164435213852002
-20.774033940754428329
45.234214646253782632
5.9815028357493176259
-0.35274265188151077144
-1.0026935306895023992
-5.4647737577438864065
-5.0833794211777849625
-58.05937869598275114
-159.52975079920844337
-182.7954256459684359
6.1207270102978679205
1.4714873800799579406
5.9687845475268890283
0.16102571909845767029
-1.1696430460712703425
-2.6012295218825070009
-1.3273565659423587348
1.4119942056935490537
3.0037743296139214344
-1.3852433214941710649
-0.99592201811376079856
-1.3218467324144176356
-1.6119233291107657458
-1.0854220584236646818
0.23413227072045214583
-10.182590923408852746
24.242391720228283702
-74.588104517506849334
-0.74981971921496470834
-0.24007764853939525529
1.2119964448043196725
-0.32166911091477667917
0.030740376536069563551
0.2870512793327741341
0.13803776882077958832
-0.083793298729941803615
0.17158554476815285339
0.048395853753859262303
-0.019777811212325739632
0.11112581556697335994
-0.032511478612176958336
-0.50089576473962571512
-0.16979267133420000713
-48.283234495783467821
-2.8838978310265535043
-191.40029686129864217
2.1664894813376207594
-0.11574085838847769647
-0.48050271144428363668
0.13757664030000360533
-0.086669843619997632977
0.5230595063813847645
-0.24408514055465363457
0.060515006663840714696
0.19309324965996460532
0.19614488369159216452
-0.34566499430122976655
0.1577121476660521826
-0.02817904477663795218
-0.49436767346169702142
0.18024813909550174706
48.941421790808206538
-0.95874374385493577044
88.983367838837352792
1.6002272618294353101
-0.41956153112424371399
1.1748722257231554167
-0.085173030940940031019
0.055134198743983245383
-0.62835511958199119498
-0.0090593972965407054687
-0.042809376590151076991
-0.2878026717019503411
0.32535552486655849869
-0.20347477905641234153
-0.17837800773524953302
0.12028686117807972644
0.45319730260252355514
-0.050636663758469209473
-44.150033813000852945
2.9241596048409825848
-65.92310194005645485
-1.7093049847418648746
-0.28653187471067398384
0.80421793959849030564
0.65348611131356204584
0.14808013606329900602
-0.5362864334409970235
-0.24186851774635664825
-0.17768062021081848512
0.37174798534337610834
0.060490154506109714005
-0.026003422714488754613
-0.057337897450731388493
-0.060351779785046293092
-1.3301500551043152765
0.39545910258777022817
708.20449847472411875
-110.49094348392145548
-176.11427992077881299
2.7279050963278885789
1.642412930593171172
2.6281430419374443019
0.36028923800664730548
-0.74337129885853014954
-0.58258859827024112032
-1.0793992824725380242
0.54809366049069896398
-0.34709781839032260997
0.45318162477786366749
0.86064064697864894882
-3.5774361421963893903
-0.94033525310908028239
-1.9579748932246519022
-0.27189596502728669014
-1262.5796749072949297
880.18870607732219469
1833.4995890187294663
86.092085983390958859
13.299863715130388897
-43.259998048093869727
-18.276463978623588957
-19.510132325782404195
-25.885355038084291834
-1.2841390809167250175
9.7122821628923095005
12.179936907610118269
-15.945479166651860936
-22.430934737236142951
-10.409821164293537876
-4.5433507033635871508
-9.1220417293349633781
-19.481816699656768321
1001.5645060999490852
-1587.7700851581005281
1056.2532216838303611
43.875343593982449875
-23.705521511177174432
-0.51029964147380735273
3.3643707978394918889
-15.899590077689886414
-10.185305351210640623
-11.887066780197841354
8.5115818513242107457
-2.2004807136298296655
-5.3858373645776183025
-6.0975127543991831658
-22.762819812593864555
6.191093837173847092
7.364226120502026518
12.75308436620230168
226.91031604098057528
78.733115804635716017
187.47946150206698235
-15.321970226027435302
1.800576774569742966
3.6592291820186053641
0.91274173020369608889
-0.030637053666564720983
-2.3719676736949852902
0.40953063954493840182
-0.29721042009622233859
-4.6951611065409526447
-0.65587333196294073101
1.6755463106877357404
-2.3253012047118515326
0.15279207535406510998
0.70354013281017535597
0.77993193444425479299
-218.28018975250944322
-75.613479411043698519
46.049966174429023624
-0.47769222121446663909
0.54626025562526570045
2.8970815072773574705
-1.751578166876987197
-0.1954377831239464125
-0.51401305373609951221
1.8728497703366104865
0.25071683879773382086
1.8730193912037462756
-1.1319892341987924933
-0.52690429730431109778
1.7484358897099450125
-1.260593424799738127
-0.077653091021703868346
0.011219824168359803299
-866.02265025215547212
-539.90860935379078001
4974.8779720780794378
21.675240960569876592
-1.5047605033772657457
-18.327502994760770605
12.379640830078665559
-14.656342176518403875
41.106279980086881665
13.734812671702849585
2.1527469213258787484
-5.9872703823192088279
-7.0620589572681682355
-8.2152860686208786234
11.786567019241227072
1.7196252800155691354
-0.41939558639384172389
-10.244123186049218788
1480.5981394212521991
1276.8704419553600928
807.83778858620667052
-0.65070733030490213178
3.6935957956918503697
-17.684446566390363387
-11.713555455275246331
0.14451916871307049495
-7.1940521975506097618
3.106706687626894059
-1.2094026638272388219
-12.58845610177489327
-14.116168858730034685
-5.2697223807497506343
8.312010973353665122
1.089430206619512953
-2.6567619061751881482
-6.7102824322558944914
252.98165380319039741
-16.224771376922404897
-543.13730238493417346
-12.735758940834999819
-3.8221656732867641537
-6.9249036561415708846
2.4726243687847664354
1.273399541474589336
3.5913884148803214558
1.8207507818312715919
-1.8544776482566027731
-3.349734323563542393
5.0466041459610258002
2.2288955844870734779
2.7917173437715514517
2.645643233278328843
4.021185081559087493
-0.3020535056101768534
352.03021158120526479
-52.321460954203054428
-65.601158888550543224
4.631320226140689833
0.21553889888745683678
-13.285894734867994771
-1.5874957573045627157
0.12980043271451024989
0.049387151966299218386
2.8944386352308537624
-0.14441144260921170983
0.86970006781872843948
0.97873543487074055047
-0.28331180569827507654
-1.2544178520161908263
-0.45582072474802431961
-3.0779557541909552398
-0.43809437821788199674
35.211597599300723971
-21.821686899970824669
55.353431298564913732
2.6114360486520715732
-0.41582455932672651722
-0.37823741381539449646
0.15733720687602484323
0.12611947202720397154
1.1560701176549834646
0.39593212677540884359
0.041444004175307663784
-1.0218683023087735684
0.49208018747299198115
0.38880513264687338593
-0.39945898539281982087
0.14580266541018804816
-1.0624159155294476964
-0.43841666588873889898
132.98128478200578684
12.423283459251361904
-165.61252641129922836
0.35810438077814032987
0.26837899752495064654
-0.37777082292574681865
-0.19003505039500254159
0.021151804132715851942
0.27750901982275782975
0.2504764382815057866
-0.073673781680031621977
-0.14337720807882101126
0.2054585779526760525
-0.19542948512022942364
-0.30816050883451195919
0.27137735728359652088
0.12987437839853743782
0.015853960787613849415
-289.77521066107755132
20.422827659455318638
200.78636692317184043
-7.0229679954798607255
-0.51671618364164140225
3.128427919219496367
3.7720665300739795178
-0.33144441484234848927
-2.0057007243344533443
-0.14793166983993472074
0.41492039189895707496
-2.1897980666756939883
0.65518431470436044872
0.28058834774592500416
-1.2551443703885063474
0.80290221650957116495
0.52096078450114258196
-0.079805463418023109279
-868.04310553578261533
166.39372866609636503
-110.67727531798549023
-6.1984186999236179361
8.4120650940936965156
-9.0340703191071707323
2.084249335011261639
-0.48952183774146806883
-6.9298350531074133229
2.4297815706804426483
-1.1112644983755202155
3.5238670499096453881
3.9914640901414415453
-1.2771525346767729214
-4.5841529403867040671
1.2434218497875961784
-1.4483076061628115117
-3.0765662179034238832
-801.65346084321652143
1648.9586853751268336
858.54042125019179821
3.3867429806874800313
48.835499540634891957
-9.6376031577755707502
1.2959466823524965484
10.220579046912769527
3.7295050933998803444
6.4099881017134068273
-6.7357305031908758508
-1.2204353173438102775
5.171654742770497748
-10.253290588652404836
-3.9010958133173092577
-13.214008413242368078
3.7347465040663641034
9.3442655199660435983
-343.32842903679886604
1139.7237557872813341
767.35712443777254066
-31.858438093479449549
3.6780764935877758859
-1.2173121951582783762
-6.6568825228975754271
16.312051248718272944
8.6581834755627582467
8.1415577445579518923
-5.9849357557569726751
-7.7929753406219628431
4.4408031385225523735
8.4831853832160017959
0.99749720480662629196
-2.8987053230277912697
-3.2375557296632351267
4.8696637538781901711
152.83340576538273581
-8.498050580891149508
-86.465493329743353002
0.28992853113936933873
0.54536227375710422116
-1.3496120697567437485
-1.4532904400043520354
-0.18985782332847003784
1.0637856604265467642
0.073774171918951261806
0.10521031429641999888
0.4699654442782505992
-0.67757455910316632952
-0.09615889666924928858
0.34447817296087462902
-0.33394329264574784677
-0.45189763203808680503
-0.17293536234680903507
42.477726681861192048
13.550447542617417795
72.588309345147578711
-3.5756804891592395279
0.057800945825171111403
0.21009765440262240244
0.3970746727500760187
0.075241059114883074299
-0.90208677066013176482
0.068513947093815127931
-0.13716092221168754706
0.068887834888912674591
-0.16138230989900112511
0.33309211616715306281
-0.47264887884221451486
0.24016502467056355385
-0.62927944531693258412
-0.19219295747624526305
279.14656193464918488
1081.7955851274130055
1130.4503064797811476
11.488091379658719404
-12.326984961052861678
-25.981621855941746446
0.73703091934174169708
4.9333888724335910325
-14.909149752188989524
-3.621080796912230948
-2.0096478719904662391
-10.837447396040589709
-4.3174287059531852861
2.7847786483223733178
2.5370269073177542651
3.7291745897857939696
-0.40105592839346149159
-2.252999250483700866
-291.1382937410572822
1997.1146997452817686
-91.092517637808768427
-14.999948419686436552
32.177832086771161357
-10.261615445063240415
-1.2288553372943031849
13.126443680517137835
3.3945440456114184258
2.9735993154094000346
-16.098672396590540501
0.92808328197446166019
-1.21747635690328182
3.1123020174363955626
4.8672275771427937485
6.3127680752392736352
-0.83474308902882843331
-3.2752791304090806968
-3466.9530697882964887
-1246.454040516608984
-677.23640907622097984
81.53011615192104955
-17.901730344902645697
52.911255162560628662
3.7670391543417900415
1.1333816383882890921
17.699055219401760297
2.2380308706751099734
4.6620533066916962639
4.0923203050658178981
4.9602487827479571081
5.2169058623801731756
-9.1394456236279442152
-1.679668335889193731
-2.7515255907347171416
9.2762244130557345301
183.9958122663096276
113.52512049434625396
-1211.98979800746406
-2.3323758184010601191
4.2671311613670610541
3.1549754925837616426
1.2796945727575130825
0.14431960522400444358
-0.93820445703403732018
1.8820346120290898373
0.57692124935470767699
3.9323310518080543119
1.6255530628883778643
-4.3619380786808221728
1.3706103395115718513
-0.10803431194119780812
0.71957249222227270824
-1.0863523146272311415
767.99507550500902653
2.3730177175264284273
-306.83384957538311255
2.0298582351191249984
1.1886907225834564272
-7.3553523082655400955
-0.90393413987229054296
-0.13911314415353451257
0.16032389684438622113
-2.6302405241509592138
-0.4679069645035017766
2.0139441979883385692
-1.8139799854615066277
0.20147465896792562945
0.74384531462959313508
0.7695189114655280882
-0.13829314594463634758
-0.43268263751429270059
713.60126779427105248
-127.74131348744272429
78.318789975670711101
7.2517433744015757924
0.18173238861049456627
1.7186573971764540492
-4.3756831653774455049
0.22846029927183358899
-3.6475674930168344723
-4.8501034512028589063
0.04649596166127827751
-3.3651120921935406827
-1.5877290021704832945
1.1082381120713464817
-1.2070456855305504718
0.36678992107434088554
-2.2559022280857057297
0.26424402735651530971
-197.42892933587214088
-253.76854833859496807
-697.00499446953676852
36.118420557258495762
-2.0262287582836977506
10.450295074438031406
2.1884869131403204001
0.51045000438208765203
-0.66303530987714021094
-3.3180886785240959469
2.1781326134830600871
-0.45631828231733534418
-2.9021940194332205287
1.0635477783681139829
2.1215967396917880805
-0.026824339884333667922
-2.057085332700674396
-1.4472857781404373512
-887.86609207004198652
675.10952740212803747
-635.32493369537280614
8.0789410449119483104
-23.500784807259250897
-17.554276171625833314
10.726709617071335856
-2.4608552150590257135
-6.7896932263280076469
-4.9489082785255700259
1.114740333761777169
6.0398773579187512439
11.131624864454586543
-5.4451271194253045849
-4.0807943234726558046
-0.95410188239865989512
6.8964949473431254034
4.9517969117061619855
16.736855698893599254
-30.207156267889875068
12.307380377427358908
4.6467714293597470743
-0.079098970331871756856
1.0372702656759338335
-0.254600532512244071
-0.051028732160956012665
0.42971211343560228313
-0.78032336696219795069
0.14883788221067964508
-0.72692186747385323375
-0.23514744212937446766
0.0035394254781262023818
-0.62757291629304967628
0.41278061147448186219
0.58326781808337913038
0.39991609623909069038
-35.47995938548418593
-3.6881456175705022993
-17.17424199042539712
-0.35255481637012331397
-0.23599307836129129745
0.33348970102917935288
0.17718141289980959829
0.05904294404108887534
0.084508297820163849612
0.1540359667692794976
-0.0032715930137627233232
0.16400647239941834599
0.16909941019508653581
0.066036413659110046459
0.10207977025551555339
0.043524126898468622204
-0.063401671496629577462
-0.094423119528143556467
-28.694167219426958582
-14.958277177244655221
-1.2162562863883745745
0.70276597987882005736
-0.1956313961290073733
0.90592573688092770112
0.028223886487488882707
0.004299837087974930222
-0.137847845428299004
-0.1179576880284516488
0.065727423421412078941
-0.09878541022755631118
-0.0037107963581473318165
0.11231730816907778414
0.019025880611210261445
-0.085852680498041428203
0.047629926792236106092
0.081382490711994576182
23.176782758846400156
-10.708766799126358649
21.432010877768963297
0.89453113325862598781
-0.24438404537373670244
-0.070646652819913141608
-0.17940137856500054658
0.033902523135364869
0.37756154852833206936
-0.081413245423648625265
0.015731050887453572329
-0.33071186248085737702
0.14630147706864674029
-0.028746528862633569101
0.002208059940018736525
0.10344745861550259936
-0.13711492543556066948
-0.018695816711672117588
0.51851496181939293884
4.2951850298368352554
-32.79451082173913079
-0.21228470405634078388
-0.034708673410157472872
-0.57866252939677143008
-0.12762675804200176999
0.049290692327128071692
-0.058385436153430968209
-0.023309683705209228999
-0.045206272815427467338
0.1844475240192301746
0.050511843807865261513
0.12452106298233499293
-0.021326545051475923054
0.086818558820438984647
0.32440690733726884609
0.0073519790311438416516
64.980422841763001429
18.166589177681007783
27.116869538316233701
-0.39849529857744636629
-0.16144915433066434063
1.8798454601258478558
0.0060463097947994152298
-0.0046768806059608323059
0.46023839205723582335
-0.14667735114639995908
-0.045098415126201149561
-0.12871368730245602574
-0.26089763111123781547
0.54662170174886304252
0.11330712483340410479
-0.51628550381963467242
-0.094055460769886675698
-0.052573421920653257144
433.93664704897639695
98.261747647463934641
680.86358231553379028
-17.794713880880369317
-13.558615653331816731
-11.106594838795430746
-1.0510163738296522951
-0.29198077741760103399
2.2516408548122677225
1.1735654308983978211
0.2033171207957736315
-4.6617014486209544799
-0.44213317521153139289
2.0097991038761300331
1.8231431653427041528
1.3728600807961623964
1.6876084533663096021
1.2501525752284252668
1048.8862920242577275
-1126.5910122232146477
1211.9510020153418282
-68.777401075290271137
8.8792065046617683066
-74.052635643276531141
-3.2919209972314176227
-5.7234057010893684136
-4.6157447354809955087
11.135866250546460066
2.9793702521356557611
9.7646335913058877054
-3.8214920927081696966
-2.234873703429592684
-2.2518387231973777673
1.6799970771772283484
0.53132062976743599236
1.439745925739396526
109.75483135993269457
52.748820430676204296
-26.357244597194856794
-4.7591036878408683464
0.48991907742931417591
0.55902862896828009465
-0.44002779939044395219
0.13928716403433510918
-1.3467065042279500187
0.6548972655346423366
-0.35965616661665861242
0.068815483730352081104
-0.23746798745918237805
0.027465428131000370338
-0.46681797879376951688
-0.10393561168801769556
-0.24448839622157061968
0.21095467964125752536
203.93168930831217267
-14.171406889758548786
-166.21119794098748912
3.7882093263607865552
-0.40810892915965241157
-0.65097083027987101556
-1.0136315501402184402
0.20074347676970086263
0.22906922668114790276
-1.5477886085155070361
-0.09936972808867008955
0.16718115223852691997
-0.18312666394742480036
0.17819087938856389974
-0.028819678540542386508
0.6434771874770652822
-0.25067350128661053388
-0.14421477831490511767
2750.0639544019027198
-628.67449790054229197
501.23202466958429113
-22.658524224339263498
4.9681042479675534551
-44.20702860151639868
16.304730567413855624
-4.7519511492287396237
3.2288853235189036717
-3.2591573464947587446
-0.22706524683564066613
13.643851558572295701
3.1381495787755864235
-0.080131337326601576043
-6.8701496741004506319
-1.8738405822151433799
0.79731672731092639861
4.1289361069955958783
469.15229026703417503
-745.59133065819492003
-1248.577966114992023
-20.790346763845587219
4.3484121732548084438
-0.81713613060964040979
1.2294254170958098804
-1.6289552249041263643
-10.74012550026121815
2.4171552791523014392
3.7667465881292780949
4.503370376664147301
0.016442307949747922424
-1.1611389863752861196
-3.8806243364713548516
-0.3574309357921399144
0.89454100752956899889
1.7811389928780951841
400.02799862700891254
-29.2728618071311395
-72.901065401842231495
0.65824490586236839018
0.79425642552163944199
6.2404608960404939211
-0.19624760472933822086
-0.2797034333097782044
-1.6569237930197604491
-1.6427266148845998117
0.17487365726665640708
-1.3308827788768051725
-1.1068396395072566119
-0.03214051255048071265
-1.2920354107887239703
0.21322561609137702376
0.10063074148739092895
0.50853355327959770538
25.351301221977102784
9.3478995873361778735
-15.391266352821022068
-0.42831071201853654351
0.13520750128345757068
-3.928914247498294543
0.71074401402763742741
0.087671319246428722205
-1.192833307956063793
-0.39170911109315909027
-0.16943228420369788045
0.85314080756904631109
-0.038223818170430440277
0.2919877070189018653
-0.35754544690340861468
0.089814717944328908983
0.25407508248723714717
0.3030184321655442492
22.115963109512744467
0.12779126463004042424
-3.5983221329046939374
0.5991282596954129458
-0.056433816994775794218
-0.4914735823122457492
-0.062854756269495534737
0.014924717854113613708
0.42172412919214213867
-0.24387644540165992479
0.00165452527536249735
0.52743230449225730894
-0.1318228572225254025
0.11545893294982670363
0.24868222295409750378
-0.099578489270584047421
-0.12510519359877830814
-0.15589641435755088872
61.188816394044224012
14.656721606897137988
-49.167999798512830978
-0.52307594648353217259
0.25139322168641603517
0.95186191984783097286
-0.1722637314156723054
0.00094645680017477402165
-0.24160770759041916289
0.18023601903647845646
-0.092397607622263497329
-0.21411992022765669041
-0.034911387684227537798
-0.13630894925898184855
-0.1826685385363703007
-0.01557583681163698594
0.029539147567239496667
0.10977609923691204752
-35.50524565981486802
-11.711196716637783055
-91.707221015444233103
0.81508037070590233508
-0.54114612879881740515
-0.48179169945500294192
-0.11069813775527827249
-0.0038488543237985696314
0.10059888436059694072
0.44153636572488519363
0.14067672324674937445
0.2953256163097249809
0.033847794252310700602
0.052698501054503341101
0.27250753823812862153
-0.19379333009583096792
0.3567397203491584623
0.11034617609538406591
287.11539935285082947
-61.341287161240096282
-198.86535767016817999
4.9404553283825718424
3.0602423192943906116
-5.0602911224545730207
0.13925449254312702307
0.23484899164425096507
-2.2155943333875347534
-1.5690787532763086354
-0.45842544001119522878
1.6918660334827078096
-0.56060759959905104299
1.2870531407632528342
-0.99688403405806758073
-1.1224307939058719708
-0.52100890856855985867
0.77388803752788892787
-611.81252532366386276
-28.049018633568927328
196.77717725156131223
23.707781314789418303
8.0471735207694212733
-11.060596836655038899
-0.67451465300790713897
4.7492438643366217121
0.010861425494923549265
-1.2303453745811727682
0.30458557966828248009
2.3598654486827563836
-1.3719208875801187641
1.7107193377763860731
-1.3781990294380477291
1.2444889815698838564
-0.89158943628793407843
-0.55378756354801961237
-132.36800272465026751
45.309582830955385191
278.47086983837129992
1.6653195091071921752
10.35030377445839278
-4.8534130347869686162
-2.3830003466960127945
3.3826527940760149349
0.32247118903437099746
-0.43395547156920494247
-0.27284716138982062494
0.29954867456306571993
-1.1034984487964296651
-0.14830588752926596174
0.22744718244412981401
0.59886150865722287406
-0.38941521722074817768
-0.89414487976952705672
41.275183977623903786
-12.843918329741351059
-18.103513588685384406
-0.11712529176821145915
0.035664457944994294725
0.6069611589453663969
-0.12051045742023834551
-0.058336926659728227662
-0.34947853500207926025
-0.17847247421843911996
0.063471627610542674658
0.011012604605209915659
-0.10776190788381215246
-0.052197967292560300268
-0.087644545469966791962
0.032027400424080768038
-0.12279932864484741084
-0.033014063576052701809
-28.839425291630725212
2.691051160957923738
-43.070339829035077628
-0.98922382158902222304
0.22075173706445172517
-1.5204386933240217061
0.037146016710948304151
-0.080366201502497042197
0.22673296094005210288
0.44908376098569435797
0.012967124522234299219
0.70633529266139660763
0.10815657130482243808
-0.15382852506660174563
0.14645513166730708687
0.042496936714149398384
0.13123310706044680196
-0.22339385318185139839
-288.97192641668573287
185.44215465170375978
-587.53328937772448626
-19.957872854660585915
-2.8842898052926790875
9.2643386870237787178
-3.698474769528916628
0.48628208406871370473
-7.4312405748990917331
6.5922617752915293465
0.23532534368879953757
-4.5014192141818680781
-2.8974715096698813177
-0.35217130526685874736
1.7024933770439492076
1.208559278726547781
0.35743748254405272036
-0.53994669266232686589
-70.578623905707985386
456.22201114196411709
-425.08208744957863701
5.8715513955381588573
-21.422986208787950346
9.4184786987376742928
-0.19958727207107673784
0.21678746602996015747
-1.7832991693313517967
0.099104525483417998943
3.9096759033155992213
0.5877111918657834666
-0.5995915736192518608
-0.78616331193947319722
-1.5434381347690269148
-1.1949398707737475256
0.13581853795176826449
0.44546874607687847458
-681.04399867089409781
168.52255808624579458
-83.984287067937813731
13.780264000298593885
-7.2675976833490594231
10.817929582069979233
-1.6528182734976530899
-0.9221992947967576626
7.5806674060947596416
1.3211439101442328248
1.5643494970355209528
3.4078781834107001458
-2.325680402521959067
-1.4318915716847548936
-1.2593622211410520073
0.85112364006527851945
0.96576939036473163913
0.10394390647486065338
-231.25392609035904457
-15.594811870860354475
-316.89727776247804059
12.243215228348340418
-0.42502764106169893532
26.201796288605656571
0.89980264825467226597
0.50652655151784076182
2.962093242538477611
-1.3595932341078225125
0.16743695722661308678
-3.7192223042985035342
0.26135156921530394714
0.44999233741102590001
1.4527788927835174615
-0.24849525656767443293
0.034695229150022557918
-0.69174539448162430944
-108.2681919146200471
49.604427214972048432
299.12004778838883112
2.8843197812761167675
-0.25213209834976946233
-7.5664067468293501051
0.098810311981799792136
0.097017813739009597929
0.15473084592610511501
0.1062156071701850224
-0.31090880789475922041
0.24257223690124363191
-0.20776966464078000518
0.175437838124854667
0.14147563196343404535
0.13271819882346935771
-0.2406634931708996894
-0.15035774645287769413
-420.24477195138945262
30.660443444145538905
201.75945648578937153
6.7097539826937353524
-0.37072216016010950401
-7.4465272969417579674
-0.35125482103097832587
-0.12228622115714994634
0.34635818413851893194
0.038481636427447812876
0.072808146653026900585
0.89070403620067539752
0.4465327527665614582
-0.33211290645689489631
0.26631315682535483536
-0.18503192210247890181
0.30692028336880305961
-0.12958104602902983937
-5.7108240847877667079
33.803156772046534684
-404.53777862790690278
2.2995732749391994965
1.0373751708604548316
4.9086097186151835814
3.169014609525683035
0.19097481863283510828
-4.6527347718709393121
0.97296465020157663073
-0.24030056302782445976
-1.4722238735847821278
0.4372880411413461732
-0.16896166442960280918
-0.15965442613472966005
-0.22471986185288303495
0.42916152846262545228
0.25582790620208173404
-370.43411220343898549
-247.33748093947548341
4.8697634177275688216
-10.064679356429170554
9.3393341543525707493
3.6399485728553613306
-7.3411673324788395689
-0.45694364086195754515
5.0416580680791067692
4.710641843155059405
-1.050623326564047666
3.20832517030685338
-4.9029590211096518715
1.0568628291485009374
-1.3423549718070948433
1.5567941667300055908
-1.0986309197909867041
0.038893842993600512281
-30.780982703236698939
10.887587488295338289
60.805212511535799536
1.3104965475079417558
-0.1902902133391844719
-0.79606357216493550677
-0.11943056918482672368
0.044271922849898615038
0.27054491902299232509
-0.21721685963821671383
-0.029611790213928568249
-0.062853456364810350587
-0.076640851666066669989
0.03681409155076296319
0.096051644949293427111
-0.011988902740085610049
0.026991433346740895116
0.042179472930250490326
-30.411291552440630426
-6.2500840948783933371
40.986335347357268688
0.95797264448896402023
0.043098232026467890587
-0.17329964748806878094
-0.24924058583864605598
-0.043315461273914571128
-0.046700518737648195888
-0.13601449665009965329
0.060491001102819588753
-0.20679004852740270892
-0.070913095203089110408
-0.024901293196263434016
-0.05027814188272042295
-0.006062189680569238931
0.042728968479713878847
0.012228698935222848468
215.95492462553482937
9.6490436468292326566
268.53006818582952064
-4.2388916239528926511
0.23877280293132552291
-4.6497044544175683001
0.75575674728905151145
0.086798783320442246536
0.89455619108114914351
0.14281881668099849492
-0.08073480190145934654
-0.053862309149776917139
0.16533827402240333648
0.064050967693252192081
0.082486738348949525945
-0.091915317072726585024
-0.073739750864234912542
-0.068622900132813482998
286.41097039998362561
35.997595109801629576
35.836588333988267152
-7.8470639872363490142
0.36237517042070233053
0.78905115889709709354
0.353367959357976269
0.13774650033229429713
0.35214309144391031658
0.49744515264312827441
-0.19351845630119227093
-0.090703608067037880258
-0.026807624064539799236
0.086376100889122092719
-0.090731758543172169595
-0.1467369972205919415
-0.12597105495279861676
0.044735678475264509246
-34.226970217582575629
-1.9161070310053849308
-13.032302086798152274
-0.30401712550813109193
0.06837864333432393249
-0.58407036374429799341
-0.27805894408997411382
0.021242190578770595022
-0.15047656341686602155
0.15780746935754347282
-0.02035223133683192534
0.17906329520986627446
-0.040150488335299931719
0.0096085918552388967229
0.0014914201031222614098
0.03228818837344785142
-0.081666711517385665031
-0.01224980642324109692
49.853089616229318892
3.4797200841390107939
-3.8438000526540756496
-0.74959526630151240845
-0.19094856419179848106
1.033702216298855614
-0.060218710006813662428
0.061985460717228636762
0.29665096455908485096
-0.045505775791111147122
-0.026992822957815028329
-0.27056579933074226263
-0.025333094086730546801
0.049901678375424113332
0.063937377543784812417
0.074204392501489579992
0.032546378715139510918
0.026885219789350579822
359.54630971861217859
95.816942913281224037
-301.05140120861028663
-7.7336397991604188817
1.5266608251905988691
12.907071837588844687
0.2101077772119392395
0.14032432705159980646
0.86258076045143350363
-0.025231056946934289631
-0.80762851882709574269
-0.51842126407395916488
-0.17223688585694207909
0.32807095792608226281
0.13439206220880772769
-0.25031171716653000114
-0.36355161719565093348
-0.34787175613436999155
-323.76798885081012713
38.351472665229827896
24.737685706441741473
10.039282388694065418
-8.6607456587981097584
-31.683677112656326358
-3.0187203559688464694
-1.3734631690998562181
-18.046914332613521736
-3.0765367132094207925
1.5387789577603196989
-4.0411318459555172211
1.0685637768738636133
-0.8232689124978648243
0.88874290838707681317
-0.44202099287159346552
0.59557196145167734525
0.09322787379673901087
-207.35078711591299339
120.09015309073349442
518.91293404204702711
1.9321546146578478798
-2.8990363986403004937
-13.156699302484614833
-1.0648516479913858745
0.35457194173576012108
1.7809762352204507874
0.16217264903731457015
-0.081133693239873141967
1.3031010308478050419
-0.073127132616089995931
0.25705958535539974452
-0.40794747610191661735
0.2173804618398138544
-0.093223395074998771648
0.24931683262007242607
-216.36307418382313017
33.201015061307089127
-598.20523608370854163
10.925053000233864609
-1.5349359574131073991
26.286341252031391491
1.7455861273880708406
-0.18888092631340155925
0.85246968423872637732
-0.73506550387551339298
0.29127599690653122044
-2.7740887005291918754
0.76552252061477410461
-0.31213090175138907822
0.99524014991760123561
-0.72778540000251201736
0.075235865325033124407
-0.51610013716173286369
308.60939032107688718
-88.08312585979258813
-447.6343514971207469
-11.648708852846946016
-2.8105161371167270978
-5.8834594128203585583
2.4105301958674836271
-1.0775649349435318936
-15.222377412968326027
3.0751607839751056162
0.95297154523904370471
-6.7446572140092557746
-1.1142718439885765935
-0.60938955231253333356
2.7963214912462559525
0.62697001495445503494
0.2050677329747037092
-1.1916807617224818294
-694.89142908796372922
24.22856711939590113
20.814211039910070156
10.099450964572755041
-3.0783155239155046701
9.0617592528400443541
-3.8955634955428495303
-0.27414257799981883723
0.62648660313494697327
-0.045193646443659390988
0.651048740884209165
-3.2025770132851900662
-0.56908164875385458537
-0.38932548132390787377
1.4420180435577889533
0.3662615719737303821
0.33582098086979050855
-0.71679264665876740725
75.63013193323054395
-46.332300795044439212
-113.96132166207739544
0.11244487506860377513
0.40240409163308571427
2.1435603803339002837
0.43650256668087300538
-0.056979359402098271603
-0.22868763860965560242
-0.32785459084703733046
0.10623524150682243927
-0.12249213179041466837
0.049664002905119054854
-0.0079139691681598938605
0.023090915221456093098
0.0062483915309480874203
0.17391190915140114504
0.122110390112526071
-70.321258765517058009
5.4509319834693430451
84.689621785147267019
3.3077094843373195943
0.048583613186718256627
0.70974711429035164389
-0.0026799943125877484333
-0.023246962139113844931
0.55999556138472483813
-0.23775063902758242218
-0.023755375892775040109
-0.37596811462201840115
-0.071403665491828499645
-0.0073596247584178349846
0.016793045326391465438
-4.2707676626831762574e-05
-0.0048719409386214105814
-0.067500817926429687588
-58.422319235178598262
-9.3653756437013981895
72.630951564948674104
-2.6045586097924688929
-0.69509131914176303102
-2.8173187885486874471
-0.93594553642110522862
-0.080652246234369368016
-0.65514586600943558459
0.6498820932979851861
0.097434570893757607712
-0.22402947134595790901
-0.30335396101271855374
0.010745047633840605628
-0.076401038624803657706
0.25464577514069181019
0.035855661004434394301
0.13344341665739842262
-207.47331754194289033
12.66234054004975107
150.17866763623140969
2.3918849757744711226
-0.037477390832424267719
-2.1214355406382350289
-0.36150050986591264479
-0.057616898067099915626
0.042379083414420995468
0.62553737123131736286
-0.021350920048661584105
-0.46379038347621398541
-0.096709904843184119061
0.02986104271330509638
0.29488841650850322607
-0.21073299292146660533
-0.17210576286945647451
-0.14348134086830269252
101.59152687464603559
3.7753659438952897887
124.07107641534723541
-0.41928573671366414777
-0.74785506850550775848
-1.5251603940321303288
1.0893075960106703981
-0.0466792160990345123
0.63646620839075529474
-0.14992578397096023579
0.16415350185344676492
0.047357421322093147531
0.34875378884512814315
-0.10339331352839210842
0.15083364940351284833
-0.11698696462232505144
-0.06478974125277082996
-0.16067319386596490283
-65.017523323980583427
-19.325027679853860718
143.95638711894196149
4.5702141998652088262
0.47990161366818900879
-2.0160594770743411885
0.66482248787289321967
0.029922620490571052998
0.64334364483616524044
-0.53333555238803109777
-0.061528650757957929762
-0.2469945133644680102
0.29058545015206982409
-0.010611760517464350478
0.12809262925998066152
-0.014068480128215841984
0.10213936648634015791
-0.010871245217462464569
444.23648151801620543
-48.301128609756823096
-196.35336029808132707
-10.233041566416110513
-2.7796819687946174859
-0.15456390631233785093
1.6532958640232793268
-0.56265929335439235359
-3.1950564558607692511
0.95838985926828512696
1.2484214141321106073
-0.94430728443644984527
-0.1850077044738344112
-0.83740333135366562534
0.18960267388626822482
-0.099176933713651743707
0.52130247167665655361
0.12861445501796656132
411.82445315634225835
55.657249850813229841
47.000293569511640612
-9.6127806309282384234
-3.6819763295245167001
-36.432732765401567576
-0.70948647736390857421
1.0858667511417854357
-19.861864806978644538
-0.94357512462403003717
1.7449480997570792074
-4.2668277988805671797
0.53185954699833026815
-0.80597892004289162227
1.1105074595652533187
-0.17886547001796015977
0.44218407764478839805
0.015098309570287109932
60.735855719792276375
-41.193774941813842361
-15.308048730633686318
0.90511593961072800418
0.88367193896462492564
2.7359932657191641248
0.99359704155314365615
-0.018503191107076356892
0.514437732326320174
-0.19145626106893592899
-0.11686968177506007471
-0.54308731836834145401
0.30008936276239900343
0.096662801520593741311
0.33414269625727349711
-0.10638551507933625973
-0.03522174167840285558
-0.11817626839885815582
-178.0132045537365002
-79.929721055872647639
-99.751790351017405101
3.4909028900475629342
0.87887837171228277988
2.5187780605526080002
-0.37317632806002404289
-0.35312771391958502898
-0.6339597429092336256
0.21815159677721751574
0.27149087295902862849
-0.26643878796830222644
-0.16595486188870742228
-0.20843203655469408342
-0.15936527932613550607
-0.12447698754723518499
0.047742197481529156933
0.11058327087712362113
353.72583518693181759
52.411122609180118559
621.59907932506007455
11.649261052698005159
-2.6460364431975045285
-11.779168286792190301
4.958790958721333908
-0.75528211442648740537
6.6117789715954984331
-3.3484600322541395734
-0.26121640321447847644
4.1240885347738052147
2.0415336493946103502
0.15505232372234106775
-1.4563625287909729433
-1.0874161951591916342
-0.11115426873611264358
0.59894483678130694404
615.15163155421066676
-59.391911076596713315
212.65302590641164215
-5.2684226385013150917
1.1459394042916641876
-4.1683886051473661993
2.9543864864083269062
-0.18274617836198789322
0.95115079978573657815
-1.2044349906583122767
-0.0021863404157714929135
0.24972719664229106606
0.86546914441694000608
-0.092225314918592884994
-0.19485794241744888722
-0.38300436009649241331
0.13545668918979131279
0.1693353242154414795
599.7092669754289318
-88.673336621644509137
-22.062834751066269234
-9.4071311456313733146
-0.0041879301529989913788
4.428155071771531226
3.4025858806516602328
-0.14741888586852985865
3.8313790106802803059
0.44763663791113633694
0.60092575775126677584
1.7488921679152535926
0.31346558657312184604
-0.31527179971695212801
-0.72636727293855019028
-0.14322610387642153995
0.25276897136968523583
0.40625606467170882752
388.45032944584960433
53.173863410629358839
249.01545095039304556
-4.9013282436245955154
-3.3512016436364544525
-8.8573092975228977508
2.0679085453051300192
-0.40045516318922969035
0.27520636498193379316
-0.061452132135201661955
0.45121509092933737017
1.2056828814051445686
0.25976862725774169105
-0.25665493447829490492
-0.58116664779056725898
-0.15429891932810127497
0.13093922619962519716
0.28171486763516551122
98.767661963289228311
-77.290427785777950476
28.328902096466073601
9.5277461675900330107
3.0382481568494785762
-2.7431703097705351091
5.0549228727369497349
-0.014845904919037637704
0.25300344504538668788
-0.045489401513308040659
-0.43709899013268171952
0.91563422764296664713
0.31989831970776638759
0.2160752354544488163
-0.50597513655686876533
-0.28728841461433857196
-0.092802010487595426591
0.30143080215429030044
-177.12487255112759499
120.67043475752733173
314.50450994143079697
-4.4117321585541766638
-2.7621839278876723078
11.865037537593458694
-4.805586883136869325
0.39916639576464446604
13.429179507555915052
-0.75111110416646309496
0.11280665523933186556
4.2368449748911372055
0.12984649729390385087
0.1078562691186831235
-1.4099092312223568957
-0.052258407810468095189
-0.090358240415462004469
0.44463986067762345522
274.61508671965196982
94.682330639191661703
15.528781711122663367
-6.4532929283587900926
-3.3182249832036876391
-6.0252046684839646318
1.9174363517974926108
-0.21589998781936023398
-4.3789630301846251825
1.5068003457544649759
0.080623798749869038383
-1.7843378805620875305
-0.63415968434264002873
0.024392918763123543069
0.80739774188355362128
0.31517559647239812293
-0.054103314108829549112
-0.32556603261251043646
508.16864255186516175
116.41497789099435067
83.244166682630790888
-6.4102738777822354521
-4.8306206305038559279
0.28659739316577964585
1.8333501376618908107
-0.11833968957844907821
2.2472021396670798232
-0.88033510574314421948
0.53477036887858730996
0.97576637467936366832
0.7010101912117836509
-0.26207362152955171464
-0.40787138121507593436
-0.32279469649434500145
0.19772936063648735572
0.21918567413295930724
