POD_coefficients: 357
-7.6071755297938850049
1.9306041487675398294
-1.1946905653182340323
-1.7119921521811554133
0.43935330409906486748
-0.35485569562264901444
0.31523996490292427453
10.139687377700044024
72.034011063706003597
4.2349626615407176544
-43.532445088298750591
56.471347338221796974
0.32650541682684625089
-5.1345621878483838074
-0.47846160908794327371
3.9249516156192614247
-4.3653865358733838775
-0.59576629354558019447
-1.0148453368549570364
-0.54836154995963748426
-0.22980901084169205739
-0.54553410037925675891
-0.042757891500713976485
0.046052049879445382252
-0.14556438097273627363
-0.090939465286977938518
0.0035123520640048737189
-0.0011332124590630197804
-0.0087315933234733879992
0.033731148287706624878
-0.018046960548018537579
0.015271914467943164401
-0.37612464053780075846
-4.6116865544587524184
-1.2802593374449589003
-0.69446399138576175858
3.9817772640952533436
-0.10227861240356291017
0.50085181373899090307
0.051143617911934863285
-0.55780243013973862531
0.48446631610630103149
0.024817169607031480671
-0.16194265837310192757
-0.0073635686980115739111
-0.26463101024671076278
-0.15679517674803597482
0.0028846912241961906835
-0.0023106864211223112314
0.00055224705249525723235
0.1352989529946798386
0.034462931972220813004
0.0077394882302473551328
0.10079917750644258601
-0.025914501882008347811
-0.0091053224685367223357
-0.04307245702491701439
94.172166194122326033
0.50918565573356711074
-30.382236480987668159
-12.21371591591975303
0.11237525048499512337
-10.477273957612986521
-0.78525635437973195785
3.3278016932162182151
-0.83367447616562639912
0.04915293861883512222
-1.5374493261383817
-0.17768984555547370774
-0.17914970409396943629
0.59473225153566844359
0.0086158613473965271756
0.96869333254933753796
-0.079581832786524947521
0.15181392162571749616
-0.04672869841801615548
0.18029577800443061242
0.28140430920309378315
0.2797813602576992853
0.07340740393081185422
0.12828755512125464278
4.2556876227637205901
-6.9921111054921691874
1.4901798703097544063
0.010664008636647331202
-1.7386252588303758859
-0.19386762904737098179
-1.5439934670396433525
1.6861205701415111768
-0.023256240011793560124
-0.5692972340718854829
-0.13476793895287533798
-0.38852956612874278708
-0.55975922446445991465
-0.016425456632275660385
-0.17871702508578340973
0.034626428918097286458
0.19297634149377687618
0.1094126971350109917
0.013702458081025575831
0.092152418020066018123
-0.079325196105673068114
-0.021992566768720384074
-0.057672605102400652244
-16.603758347794961736
-26.615676922207988753
0.98375962701666130883
6.1652906355022958351
1.9499537647814626506
0.49404628401487843403
-0.83251861027100448887
-0.086876858781636548401
0.1862697254415000836
-0.32105619262617912657
0.96616647579553527336
0.71274660223274810544
-0.0022932508799938548447
0.44435102634948991929
-0.093698676546305273427
0.064694754569607201833
-0.094012326383870789548
0.010463052985144799534
-0.069645300848529198556
0.060044499744544427289
-0.0095252614788479128549
0.050186940745333724623
55.230109236679076901
-0.006385036437431679604
3.604258255726705773
-0.0045614713893580138143
2.1784695574485888336
-11.392813782974117842
-0.13208712088710319876
-0.08208952630453079935
-0.11489724799897563234
-0.35446828866554652704
-0.11965371895881485309
-0.082927949525387539831
0.16054244963200600682
-0.18500625704319559328
-0.2172807361073701149
0.015077007094155219988
0.0065854070150505794254
0.067682973690647185716
0.10219385688238356857
0.021895819254428742356
0.051362028085574773506
-0.0065591794008579441116
-0.048068985308115520783
-0.0098059510522724453035
0.096963797476771473871
0.0053781569134463908313
0.001541797916753499852
-0.015300696390787521181
-0.00057307276185185036885
-0.0012753748583943611428
-0.0056156814259829520089
-0.00081383164406008368878
-0.00010527241746775488189
-0.00025823799879420519408
-0.0056278056214878790023
-0.0028697358735303318301
-0.00068638050221663936701
-0.0081606995096802116552
-0.0013650742271015324329
0.00075353484949775896042
0.0048061940498733291688
0.21295641217918495625
0.21831219606277760259
-0.26982330231527029696
-0.0049218887187099553959
-0.0043778612880141475061
0.031136887544438204833
0.027988822016702347845
-0.069768780869253740895
-0.092444478543333638565
0.00049184335491210496791
-0.082066432151682827678
0.0061923192569916163039
0.0041851657285503895273
0.0059006155152676979803
-0.019945303168327158799
-0.021745180083544042582
-0.036804379139533362209
-0.0071559156917953377006
-0.013974671157878336414
-0.0087296815413663401972
0.26620436910369826844
0.037243349378904729019
-0.0045224473350627958368
-0.00065636377044717749557
-0.0062623587387211762309
-0.018957867947053352181
0.0097152384883521930581
0.0025595144855985597736
0.015022004115339037192
-0.001350711278906709242
-0.005332401337608813803
-0.007757682762900547542
-0.0028084097510600678632
-0.0055503242059351028809
-0.0012021779371709723563
0.0011525110285042373254
0.0038779553337828192965
0.27866927903738075711
0.26586630491496138218
-0.0087088588488904664781
-0.11516935051126907241
0.0042472891923616322776
-0.15331316975822736892
-0.093961534448532377239
0.00079941286730900759476
-0.036648182875326659746
0.0099179029883406048113
0.0049931582789622015739
0.0096089807764971734566
-0.0022332936588493851153
0.0081082778175676009647
-0.0095111256880984536982
0.00043239292611220334029
-0.005459407991397800114
0.62096940318320081875
0.0078732828693077877569
0.0092863788111544245257
-0.010261164864863683843
0.036627914836974660717
0.00019260659909313380413
0.010911675536372839393
-0.014526266202577695422
0.024055644954294467391
0.026206604781742266069
0.003060568173260260795
-0.0011115238812740961278
-0.0096703210895929536672
-0.012129777951257310342
-0.0037099754858392988179
-0.0055792600047952778386
-0.00053490428888488671545
0.00039237286006795158095
0.00045714862239789000277
-0.0022734947407478211905
0.0021740506790188631261
-5.1046008964445009507e-06
0.00054729466160333942355
0.00030558794072393235955
-0.0015829784660440022939
0.00013240434062061526527
-0.00051534994963173816947
-0.00044850090583760284912
6.8378080425849819429e-05
0.00013516345379073696834
-0.00044316552491531133445
0.0096930337256256812739
6.4480396963614681908e-05
0.0057462299100613902295
-0.0012798257955237209594
-0.001827457061161562573
-0.0059841137894194543906
-0.0010327145220530963964
-0.0051311559876369896432
-0.00071722905516324463211
-0.00062830337686569542096
-0.0015834118206051370735
0.00031685626954830096004
-0.00013433293802785908292
-0.00046218736484450310444
0.0017974286747494891414
-0.0015629992020905949385
0.0056607148028534849324
-0.00010283143203212813616
0.00262194263831369654
0.00020153670388153711152
-0.0024965265312312848699
7.0373891990226702118e-05
-0.00052539570603987891233
-0.00090054918643118163617
0.00071329576262357016325
0.00035173221355404407683
-0.00015348870591914683201
-0.0014324924005374799728
-0.0022343505163906450528
9.4965400489268494261e-05
-0.0015747847592296104671
0.00085187298334602281919
-0.0021181127374520513675
0.00051166858615217980684
-0.00067136311068992273864
-0.00081141248773546786107
-0.00084740134616258981724
-0.00022829118130273108839
-0.00076887623191769364269
0.0015132219733503887108
-0.0012084030987731997266
-0.0012120331025847761244
-0.0017412570883655264457
-0.001154139788906637272
-0.0014917519764322804444
-2.3271370011133035239e-05
0.00069438880631776244302
0.00017472705487753126675
0.00038504239924037859466
-9.2510795691750894761e-06
5.9372739339538322051e-05
0.00050559610927773212911
0.00018534398047341237047
0.0001807685537000354079
0.00045732729524281207165
-6.6031788532865934218e-05
-0.00025904709539486679877
-0.00020035934683595218119
-4.0950290328906097808e-05
9.006144918424164179e-06
0.00063029368873096589931
0.00047907202290196329499
0.00057805391264440940304
0.00091822403461089968646
-3.9367471546247000233e-05
1.6022954861447794342e-05
-0.00026431860570677161723
5.9683048502406034681e-05
0.0001759844754800285742
0.00014094678754477356483
0.00023617715564847919802
0.00066555380284844358526
-0.00012285052420513083203
-0.00027427071559535794133
-0.00034459381717070265878
-3.6176880824707890755e-05
-7.9713436048227596215e-05
0.0002279541961122759342
0.00041085510107251462485
-1.5816249064809194684e-05
-5.9678818296249906618e-05
-3.92250380252036232e-05
-2.3832066737757520199e-05
-5.362473889500077442e-05
0.00035886426611917929003
-5.4120394645127568444e-05
-0.00026034791033418386817
-0.00017832779458111134522
-6.5806966951188511795e-05
-7.3167282357342232021e-05
-1.475389125700834099e-05
-4.4248817267795777111e-05
-5.4499474454408942015e-05
-2.0790901168602986097e-05
-2.7230452274038321347e-05
-9.5532543939091677724e-05
-6.8040151063902278537e-05
-8.070062911386967873e-05
-3.9889586956734955842e-05
-3.8924976538586426563e-05
-1.6211806536618651199e-05
6.350421637091232052e-06
6.8229494505303425256e-06
-7.657218034549839706e-06
3.3564620994726609192e-07
