POD_coefficients: 218
-3.995105085361271513
-55.891094530115530858
-27.511761691563496157
-6.6892436003687318902
1.1153170665019420671
-0.048969438373491283589
0.08504568117280097983
-7.5902085336469857779
110.78004459687753069
-37.900458422678383386
60.041621463175118834
1.0424753258710657278
2.9085945508190080844
-7.4748723489045980628
8.5177990106543628457
-3.845934457686228658
0.4283676451820824238
-0.62596390038698113134
-1.1347654359013270575
-1.6328437485193947332
-0.92283845773133621471
-0.14441150547017780892
-0.014807868694194672304
-0.041635874394231928153
-0.11322582306164082067
0.026034029660404519463
-0.016051608534844052922
-0.027544440537027800597
0.030733632293138916231
-0.071866730120775018653
-0.02228079157907258967
-0.0033725712170331128247
3.5752457918088182964
0.13409496022938863224
0.14943919881619335821
-0.072358025523810459712
-0.4868877520196742692
0.57820254398279036234
0.13359416846921318145
-0.50009423948791509318
0.030004175190328590678
-0.062188142909725345475
-0.23195522763920942144
0.2938664776554734126
0.14969885999606413751
0.030141764878504208325
0.068010475861897595751
-0.063101386752647467548
-0.043822236318997474791
0.06552235727003227761
-0.072735684761369628903
-0.062057500862720653412
-0.063138556938191217616
0.04365376261486830084
0.012414026747976283221
-0.019508632598904902811
-0.48659979366864131167
-0.23172083173094829012
-0.043806502897225763071
0.012250883050013006495
-0.023269595651499160732
0.039807719250330608762
0.57838922957214355947
0.29347167212411512383
0.06518977393607264248
-0.019969894872337339703
0.039863913759664242054
-0.06744194754753843335
2.4248661780317095626
0.30168398225735099105
-0.047899945239938193642
-0.18933999276758278763
0.027170240506735249264
-0.30500895019598639468
7.9983487979591227912
8.0307545797778701058
5.3229033065594020258
-3.3710789430300094338
1.8546291270775792093
-2.6961792212301585181
1.8408961093023252786
-1.8220712312794440368
-1.413000614984808001
0.18329322086539417969
0.41640603307694978863
-1.2682871318463915244
-33.817442176596486547
-10.69531856655562585
2.1400435987432491203
-2.4246637995048612169
2.2545534924490797657
-3.6366716738783657625
1.0468196125523880902
-3.100626436361256566
-2.3351392531871542069
0.75926296784152136343
-0.38674014017552582612
0.32509153627365616757
-0.026747367820202271743
0.02516805880438560683
-0.038217156656712741869
0.041658279444567146432
0.033352059689634068473
-0.036260740681345583758
4.9091888864951940263
1.3855640658769194928
-0.46006324900671657918
0.37737243625434624406
-0.19356086725481957966
0.27866405457609033647
0.093532716109987423803
0.19818636500963757174
-0.005955775028409108357
0.085656134737551056779
-0.03576637348946945516
0.11480919807291034562
2.0089354176722649115
0.72520775065305442819
-0.13590641184783486262
0.20142752404181862858
-0.14234081563053188613
0.23419225152525122158
-1.6423417449334083429
-0.40206383271231854737
0.064554306761282542748
0.0013819101289557096917
0.048828979902230819354
-0.06104987723619907658
0.040644781060128462591
-0.029110748717563920268
-0.038082049569491641106
0.029413002362043805249
-0.042128797404729807774
0.074057673195375026132
2.3751698078202441167
0.79416328684809855964
0.0030020130785367135813
0.00016013437311428857903
-0.04846923846370044392
0.073352760176699297046
0.32780180120067131666
0.080800242401244629087
-0.018161246058350274946
0.018560404341739701606
-0.052604577152285302011
0.093055344927191224746
-0.26030046496938086253
-0.12929140748746495437
-0.028995191052537946236
0.019310973750004473831
-0.03295167042036958871
0.059514195564210940759
0.8428523365380627963
0.32795318106580900741
0.029529304385287800938
-0.0062064196531018489891
-0.016676768505997460745
0.030131046639273521143
0.022055842043109254863
0.046537415508939472542
0.039703833756481565764
-0.0265423384152610152
0.019778580216938974196
-0.032687254096126459879
0.06363924227506036202
0.02707325553844351293
0.011003027245018927316
-0.011646328440120564188
0.010845419521573531133
-0.020085006057074163838
-0.26355423426404478437
-0.05725624451709192958
0.034492696903055827806
-0.023746805241651937346
0.01856312537557944578
-0.029436330476348936125
-0.12844225455192254115
-0.048798545228429600351
-0.002130051769899598494
-0.0015851545068823350102
0.0050190729583415565757
-0.0090480110840837624231
0.1228658015540257803
0.066488366286868286203
0.023224885669078133843
-0.014151539393375803591
0.0094767909629019774637
-0.015897884888293800643
-0.048978054570516592336
-0.02209576838937307719
-0.0037443933003403887839
0.0016061858158334396413
-0.0015708464761282300327
0.0026333914241790028037
-0.10302408688586417451
-0.039598481461397251613
-0.0025138258999587129346
0.00031725143809089922584
0.00020651815760705771177
8.0097830512541238443e-06
-0.15708220073479706169
-0.069899902377569628209
-0.013121542967898873824
0.0069050477222910534511
-0.0053028743376121499978
0.0091434789841770454377
0.2002962400399080356
0.080026410375101636463
0.010107404677871502374
-0.0046618724341534458974
-5.8073048365148967158e-05
7.295919325166826618e-05
0.0074814940957295614221
0.0041250643032245569095
0.0013454414886803231586
-0.00035603168370532546193
-0.0008852924149348476374
0.0018528456111053474148
